GPS-project/datasets/gim/igsg0320.15i
     1.0            IONOSPHERE MAPS     MIX                 IONEX VERSION / TYPE
cmpcmb v1.2          GRL/UWM            21-feb-15 16:20     PGM / RUN BY / DATE 
ionex file containing IGS COMBINED Ionosphere maps          COMMENT             
global ionosphere maps for day 032, 2015                    DESCRIPTION         
IONEX file containing the COMBINED IGS TEC MAPS and DCBs    DESCRIPTION         
      IONEX files of the following IAACs were combined: cod DESCRIPTION         
                                                        jpl DESCRIPTION         
Contact address: Andrzej Krankowski                         DESCRIPTION
                 Geodynamics Research Laboratory            DESCRIPTION
                 University of Warmia and Mazury (GRL/UWM)  DESCRIPTION
                 Oczapowski St. 1                           DESCRIPTION
                 10-957-Olsztyn, POLAND                     DESCRIPTION
                 e-mail:  kand@uwm.edu.pl                   DESCRIPTION
                                                            DESCRIPTION         
  2015     2     1     0     0     0                        EPOCH OF FIRST MAP  
  2015     2     2     0     0     0                        EPOCH OF LAST MAP   
  7200                                                      INTERVAL            
    13                                                      # OF MAPS IN FILE   
  COSZ                                                      MAPPING FUNCTION    
     0.0                                                    ELEVATION CUTOFF    
combined TEC calculated as weighted mean of input TEC valuesOBSERVABLES USED    
   325                                                      # OF STATIONS       
    31                                                      # OF SATELLITES     
  6371.0                                                    BASE RADIUS         
     2                                                      MAP DIMENSION       
   450.0 450.0   0.0                                        HGT1 / HGT2 / DHGT  
    87.5 -87.5  -2.5                                        LAT1 / LAT2 / DLAT  
  -180.0 180.0   5.0                                        LON1 / LON2 / DLON  
    -1                                                      EXPONENT            
TEC values in 0.1 tec units;  9999, if no value available   COMMENT             
DCB values in nanoseconds, reference is Sum_of_SatDCBs = 0  COMMENT             
                                                            END OF HEADER       
[from data line 429]
     2                                                      START OF TEC MAP    
  2015     2     1     2     0     0                        EPOCH OF CURRENT MAP
    87.5-180.0 180.0   5.0 450.0                            LAT/LON1/LON2/DLON/H
  171  171  171  171  171  171  171  171  170  170  170  169  169  169  168  168
  167  167  166  165  164  163  162  161  160  159  159  158  157  156  155  154
  153  153  152  152  152  152  152  152  152  152  153  153  154  154  155  156
  157  157  158  159  159  160  162  162  163  164  164  165  166  166  167  167
  168  169  169  169  169  170  170  170  171
    85.0-180.0 180.0   5.0 450.0                            LAT/LON1/LON2/DLON/H
  175  175  175  174  174  174  173  173  172  171  171  170  170  170  169  168
  167  166  165  164  162  161  159  157  155  152  150  148  145  143  141  139
  137  136  135  134  133  132  133  133  133  135  135  137  138  140  142  144
  146  148  150  151  153  155  156  158  159  160  161  162  164  165  167  168
  169  170  171  172  173  173  174  175  175
    82.5-180.0 180.0   5.0 450.0                            LAT/LON1/LON2/DLON/H
  181  180  179  178  176  174  171  170  168  167  166  165  165  165  165  165
  165  164  163  162  159  157  154  151  147  143  138  135  130  126  123  120
  117  115  113  112  112  111  112  113  114  115  117  120  122  125  128  130
  134  137  140  142  145  147  149  151  153  154  156  158  160  162  164  167
  169  171  174  176  178  180  180  181  181
    80.0-180.0 180.0   5.0 450.0                            LAT/LON1/LON2/DLON/H
  191  190  187  182  177  172  168  163  159  157  155  154  154  155  156  158
  158  159  159  158  155  152  148  144  138  132  126  121  116  111  108  104
  102  100   99   98   98   97   98   98  100  101  103  106  109  112  115  119
  123  127  130  133  136  138  140  142  144  146  148  151  154  157  161  165
  169  175  179  183  187  190  192  193  191
    77.5-180.0 180.0   5.0 450.0                            LAT/LON1/LON2/DLON/H
  208  204  199  191  182  173  165  157  150  145  142  141  141  143  145  148
  150  151  152  151  149  145  141  135  128  121  114  108  102   98   95   93
   93   93   93   94   95   95   95   95   95   96   97   99  101  105  108  112
  115  118  122  125  127  129  131  132  135  136  139  143  147  152  157  164
  172  179  187  194  201  205  209  210  208
    75.0-180.0 180.0   5.0 450.0                            LAT/LON1/LON2/DLON/H
  229  224  215  205  192  180  167  155  146  138  133  130  130  131  133  136
  138  142  143  142  141  137  132  125  118  110  103   97   93   89   88   89
   90   94   97  100  102  103  103  102  101  100  100   99  101  103  106  108
  111  114  116  118  119  121  122  124  126  128  131  136  142  148  156  164
  175  186  196  207  216  224  229  231  229
    72.5-180.0 180.0   5.0 450.0                            LAT/LON1/LON2/DLON/H
  252  246  237  224  209  193  176  161  149  137  129  124  121  120  121  123
  126  129  131  131  131  127  122  116  109  101   95   90   87   86   87   90
   96  101  106  111  114  116  115  114  112  109  108  106  106  107  109  110
  111  113  113  113  113  114  114  116  118  122  127  132  139  147  157  168
  180  193  208  221  233  243  250  254  252
    70.0-180.0 180.0   5.0 450.0                            LAT/LON1/LON2/DLON/H
  273  269  259  246  230  212  194  176  159  145  133  123  116  112  110  110
  112  114  117  119  119  117  113  108  102   95   90   87   87   88   92   97
  104  111  117  122  126  128  127  125  122  119  116  114  113  113  113  113
  112  112  110  109  108  108  109  111  115  120  126  134  143  152  163  175
  188  203  217  232  247  259  269  273  273
    67.5-180.0 180.0   5.0 450.0                            LAT/LON1/LON2/DLON/H
  290  287  279  268  252  235  216  197  177  160  143  128  116  107  101   98
   98  100  103  106  108  108  106  102   97   92   90   89   90   93   99  105
  111  118  123  128  131  132  131  129  126  123  121  119  118  117  116  115
  112  109  107  104  102  102  104  109  115  123  133  143  154  164  175  186
  199  212  227  242  257  270  281  288  290
    65.0-180.0 180.0   5.0 450.0                            LAT/LON1/LON2/DLON/H
  299  299  295  285  273  258  241  221  200  179  158  138  120  106   95   89
   86   88   91   95   98  101  100   98   95   93   91   92   95   99  104  109
  115  119  122  124  125  125  124  123  121  120  119  118  117  116  114  112
  108  103   99   96   95   97  102  110  121  133  146  160  172  183  193  202
  212  224  236  250  264  277  288  296  299
    62.5-180.0 180.0   5.0 450.0                            LAT/LON1/LON2/DLON/H
  304  305  303  297  289  277  263  245  224  201  177  153  130  110   95   84
   80   79   83   87   92   95   97   96   95   94   94   96   98  103  107  109
  111  112  111  110  109  108  108  108  108  110  110  111  111  110  107  102
   97   92   87   85   87   92  102  115  130  147  165  181  195  206  215  223
  230  238  248  259  270  281  291  299  304
    60.0-180.0 180.0   5.0 450.0                            LAT/LON1/LON2/DLON/H
  305  308  308  305  300  291  280  264  245  223  198  171  145  120  101   87
   79   77   79   83   87   91   94   95   94   95   96   98  100  104  105  104
  102   99   94   90   88   86   87   89   93   96   98  100  100   98   93   88
   82   77   74   74   79   89  104  122  144  166  187  205  221  231  240  245
  250  256  262  270  278  286  294  301  305
    57.5-180.0 180.0   5.0 450.0                            LAT/LON1/LON2/DLON/H
  309  310  311  309  306  300  291  278  262  241  216  189  161  135  113   96
   86   81   79   81   84   88   91   92   93   94   96   98  101  102  100   97
   91   83   76   71   68   68   69   73   78   82   86   87   87   84   78   72
   66   61   61   64   74   89  110  134  161  186  210  230  246  256  263  268
  272  276  281  286  290  295  300  305  309
    55.0-180.0 180.0   5.0 450.0                            LAT/LON1/LON2/DLON/H
  317  318  317  314  310  304  297  287  273  255  232  206  178  152  129  111
   98   89   83   81   81   84   86   88   90   92   94   97   99   99   95   89
   80   72   63   58   56   56   60   63   69   73   76   77   75   71   64   58
   52   50   51   59   74   96  122  152  181  209  233  253  267  277  284  289
  294  298  303  307  309  311  313  315  317
    52.5-180.0 180.0   5.0 450.0                            LAT/LON1/LON2/DLON/H
  333  332  329  324  316  307  299  291  280  264  244  219  193  168  146  128
  112   99   89   81   78   79   81   84   87   89   93   96   98   97   92   85
   76   66   59   56   55   58   60   64   67   70   71   71   68   63   57   51
   46   46   51   62   82  109  140  173  204  232  255  273  284  293  300  306
  313  321  327  331  333  332  331  332  333
    50.0-180.0 180.0   5.0 450.0                            LAT/LON1/LON2/DLON/H
  354  352  347  338  326  313  302  294  284  271  252  228  204  180  160  142
  125  109   94   82   76   75   78   82   85   89   92   96   97   96   91   84
   76   70   65   65   67   69   71   72   73   73   73   71   67   62   57   52
   50   51   59   73   97  128  163  198  229  255  275  289  298  305  312  320
  330  341  351  357  358  356  354  354  354
    47.5-180.0 180.0   5.0 450.0                            LAT/LON1/LON2/DLON/H
  376  374  368  355  338  321  308  298  290  277  258  234  211  189  170  153
  135  117   99   85   77   75   80   84   90   93   96   97   98   96   92   87
   82   79   78   81   84   86   86   85   83   81   79   77   74   70   65   62
   61   64   74   92  118  152  188  223  252  276  292  302  309  314  321  331
  344  358  371  379  381  379  376  375  376
    45.0-180.0 180.0   5.0 450.0                            LAT/LON1/LON2/DLON/H
  394  393  386  371  350  329  313  304  296  283  264  240  215  193  175  159
  143  124  105   90   83   83   89   96  101  104  104  103  101   99   95   91
   89   89   92   97  102  103  102   98   95   92   89   88   85   83   79   77
   77   82   93  114  142  177  213  247  273  293  306  314  318  323  330  340
  354  370  385  395  399  396  394  393  394
    42.5-180.0 180.0   5.0 450.0                            LAT/LON1/LON2/DLON/H
  404  403  395  379  356  334  318  309  303  291  271  245  219  196  178  163
  148  132  115  103   98  100  107  115  119  120  116  111  106  101   98   96
   95   98  103  110  115  116  113  109  105  103  102  101  100   98   95   92
   93   99  113  135  164  201  236  266  289  305  316  322  327  332  339  349
  362  378  392  403  407  406  404  403  404
    40.0-180.0 180.0   5.0 450.0                            LAT/LON1/LON2/DLON/H
  405  403  393  376  353  332  317  312  308  299  280  254  225  200  181  166
  153  141  129  122  121  125  131  138  141  138  130  121  112  106  103  101
  101  104  110  116  120  121  119  116  114  113  113  114  115  112  109  105
  105  112  127  152  183  219  253  280  299  313  323  331  337  343  351  360
  371  383  395  405  409  409  407  405  405
    37.5-180.0 180.0   5.0 450.0                            LAT/LON1/LON2/DLON/H
  400  394  381  363  341  322  311  309  311  306  290  265  235  207  185  170
  161  153  147  146  149  154  158  161  161  155  144  131  121  114  111  110
  109  110  113  117  120  121  120  119  120  122  124  126  126  123  118  112
  111  119  137  163  197  232  264  288  305  319  329  339  349  357  367  375
  383  391  399  406  411  412  409  404  400
    35.0-180.0 180.0   5.0 450.0                            LAT/LON1/LON2/DLON/H
  398  385  368  347  326  309  302  304  311  311  299  276  246  218  194  178
  169  166  166  170  176  179  179  178  173  167  155  143  134  129  126  125
  121  119  118  118  119  119  120  121  125  129  131  133  132  128  121  113
  110  118  139  168  203  239  269  292  308  322  335  349  363  376  387  396
  403  408  412  417  422  423  419  409  398
    32.5-180.0 180.0   5.0 450.0                            LAT/LON1/LON2/DLON/H
  412  390  366  342  319  303  297  302  310  314  306  286  258  229  204  187
  180  178  182  189  195  195  190  182  177  171  163  156  152  151  152  150
  144  136  130  124  121  120  120  124  129  134  137  136  134  128  119  108
  105  114  137  168  205  241  271  293  310  326  343  361  380  397  412  425
  433  437  441  445  451  452  445  430  412
    30.0-180.0 180.0   5.0 450.0                            LAT/LON1/LON2/DLON/H
  451  423  392  363  337  317  307  308  315  317  311  295  269  240  214  197
  188  188  193  199  202  198  187  177  172  172  173  175  178  184  188  187
  177  165  151  139  131  126  126  129  134  137  138  136  132  123  113  102
   98  108  132  167  204  241  271  294  313  333  355  377  399  421  442  460
  474  483  490  497  504  506  497  478  451
    27.5-180.0 180.0   5.0 450.0                            LAT/LON1/LON2/DLON/H
  524  492  458  425  393  364  344  336  332  327  318  302  279  251  225  206
  195  193  195  199  198  189  176  167  168  176  189  201  214  226  234  233
  222  204  184  165  150  139  135  136  138  140  137  133  126  118  106   94
   91  103  129  165  204  241  272  298  321  345  371  397  423  449  476  502
  524  542  557  570  580  584  575  553  524
    25.0-180.0 180.0   5.0 450.0                            LAT/LON1/LON2/DLON/H
  629  600  568  533  493  452  416  390  369  351  332  311  288  261  235  212
  198  192  190  189  185  174  163  161  173  193  216  238  257  274  285  285
  271  249  223  197  174  157  148  144  143  141  136  129  121  112  100   89
   87  100  128  166  206  245  278  306  334  363  392  421  450  480  512  547
  579  607  633  654  669  677  672  653  629
    22.5-180.0 180.0   5.0 450.0                            LAT/LON1/LON2/DLON/H
  748  735  714  682  635  578  523  475  432  394  361  330  303  274  246  219
  199  188  183  178  170  162  161  172  196  227  258  285  306  323  334  333
  319  293  262  230  200  177  162  153  148  142  134  125  117  107   96   87
   87  101  131  170  212  252  287  319  352  386  418  450  481  514  551  592
  633  671  704  733  755  767  769  760  748
    20.0-180.0 180.0   5.0 450.0                            LAT/LON1/LON2/DLON/H
  859  868  868  850  803  733  657  586  521  461  409  366  329  296  264  231
  204  188  180  172  165  166  179  207  245  283  315  337  354  366  373  371
  354  327  294  258  224  196  175  163  153  144  133  123  114  105   95   87
   89  106  137  177  221  263  301  337  375  412  449  482  514  550  590  634
  679  722  760  793  819  837  846  852  859
    17.5-180.0 180.0   5.0 450.0                            LAT/LON1/LON2/DLON/H
  937  972  999 1000  962  887  798  713  630  552  481  422  373  332  294  254
  220  201  192  185  183  196  227  271  317  355  377  387  392  395  396  389
  372  345  313  276  240  210  186  171  159  146  134  122  114  106   96   88
   91  110  143  185  231  276  317  357  398  440  479  514  548  585  626  670
  714  754  790  821  848  870  888  907  937
    15.0-180.0 180.0   5.0 450.0                            LAT/LON1/LON2/DLON/H
  960 1022 1077 1103 1078 1009  921  833  745  657  574  499  438  388  342  295
  255  233  226  225  233  261  307  360  405  433  436  424  412  405  399  388
  369  345  316  284  250  219  196  179  165  151  136  125  116  107   97   90
   94  115  150  193  241  287  332  375  419  464  505  542  577  613  654  696
  733  766  793  818  839  860  881  911  960
    12.5-180.0 180.0   5.0 450.0                            LAT/LON1/LON2/DLON/H
  925 1002 1080 1131 1128 1075 1000  923  843  759  673  590  519  462  411  358
  313  291  290  299  320  361  415  465  499  504  480  444  413  397  385  370
  349  329  308  283  253  224  202  186  172  157  142  129  119  109   98   91
   95  118  154  200  249  298  344  389  434  480  522  559  595  632  671  708
  738  760  776  790  805  819  836  868  925
    10.0-180.0 180.0   5.0 450.0                            LAT/LON1/LON2/DLON/H
  850  929 1014 1079 1097 1069 1020  967  909  840  762  679  605  545  494  441
  396  376  384  407  442  491  540  574  582  558  504  441  394  372  360  343
  323  308  296  278  253  227  207  192  180  164  148  134  122  111   99   91
   96  120  159  206  256  305  352  396  442  487  527  563  599  635  673  706
  729  741  747  752  758  763  773  797  850
     7.5-180.0 180.0   5.0 450.0                            LAT/LON1/LON2/DLON/H
  765  831  909  974 1003  999  979  958  929  886  824  751  681  625  579  531
  490  476  497  535  583  632  664  667  641  585  505  421  366  345  336  319
  300  291  285  274  252  228  210  198  187  171  153  138  125  112   99   91
   98  123  164  212  261  309  355  399  441  483  521  554  588  624  660  690
  709  716  716  717  717  715  713  725  765
     5.0-180.0 180.0   5.0 450.0                            LAT/LON1/LON2/DLON/H
  698  744  802  854  886  895  900  905  905  888  849  793  734  688  651  613
  578  573  606  659  714  755  760  726  665  584  487  394  339  326  323  309
  292  285  284  274  252  228  212  201  191  175  158  141  127  113   99   93
  102  129  171  219  267  313  356  397  435  472  505  535  566  601  636  666
  685  692  693  697  698  691  680  678  698
     2.5-180.0 180.0   5.0 450.0                            LAT/LON1/LON2/DLON/H
  677  698  730  760  782  796  813  835  854  857  837  798  754  721  696  669
  645  648  690  751  807  834  809  739  651  556  457  370  326  323  327  318
  302  295  292  279  254  227  210  201  191  176  159  143  128  114  102   98
  109  138  180  227  274  318  357  393  426  457  485  511  539  573  608  640
  660  672  681  693  702  698  684  673  677
