GPS-project/datasets/gim/igsg0320.15i
     1.0            IONOSPHERE MAPS     MIX                 IONEX VERSION / TYPE
cmpcmb v1.2          GRL/UWM            21-feb-15 16:20     PGM / RUN BY / DATE 
ionex file containing IGS COMBINED Ionosphere maps          COMMENT             
global ionosphere maps for day 032, 2015                    DESCRIPTION         
IONEX file containing the COMBINED IGS TEC MAPS and DCBs    DESCRIPTION         
      IONEX files of the following IAACs were combined: cod DESCRIPTION         
                                                        jpl DESCRIPTION         
Contact address: Andrzej Krankowski                         DESCRIPTION
                 Geodynamics Research Laboratory            DESCRIPTION
                 University of Warmia and Mazury (GRL/UWM)  DESCRIPTION
                 Oczapowski St. 1                           DESCRIPTION
                 10-957-Olsztyn, POLAND                     DESCRIPTION
                 e-mail:  kand@uwm.edu.pl                   DESCRIPTION
                                                            DESCRIPTION         
  2015     2     1     0     0     0                        EPOCH OF FIRST MAP  
  2015     2     2     0     0     0                        EPOCH OF LAST MAP   
  7200                                                      INTERVAL            
    13                                                      # OF MAPS IN FILE   
  COSZ                                                      MAPPING FUNCTION    
     0.0                                                    ELEVATION CUTOFF    
combined TEC calculated as weighted mean of input TEC valuesOBSERVABLES USED    
   325                                                      # OF STATIONS       
    31                                                      # OF SATELLITES     
  6371.0                                                    BASE RADIUS         
     2                                                      MAP DIMENSION       
   450.0 450.0   0.0                                        HGT1 / HGT2 / DHGT  
    87.5 -87.5  -2.5                                        LAT1 / LAT2 / DLAT  
  -180.0 180.0   5.0                                        LON1 / LON2 / DLON  
    -1                                                      EXPONENT            
TEC values in 0.1 tec units;  9999, if no value available   COMMENT             
DCB values in nanoseconds, reference is Sum_of_SatDCBs = 0  COMMENT             
                                                            END OF HEADER       
[from data line 4290]
    11                                                      START OF TEC MAP    
  2015     2     1    20     0     0                        EPOCH OF CURRENT MAP
    87.5-180.0 180.0   5.0 450.0                            LAT/LON1/LON2/DLON/H
   92   91   91   90   90   89   89   89   89   89   89   89   89   88   88   89
   89   90   90   90   90   91   91   91   92   92   92   91   92   92   92   91
   91   91   91   91   91   90   90   90   90   89   89   89   90   90   90   90
   90   90   91   91   91   92   92   93   93   94   94   94   95   95   95   95
   94   94   94   94   93   93   93   92   92
    85.0-180.0 180.0   5.0 450.0                            LAT/LON1/LON2/DLON/H
   98   97   95   93   92   91   90   90   89   89   89   90   90   91   91   92
   93   94   94   95   96   97   98   99   99  100  101  102  102  102  102  102
  102  101  100   99   98   97   96   95   93   93   91   91   91   91   91   91
   92   93   94   95   96   98  100  101  103  104  105  106  107  108  108  108
  107  107  106  105  104  103  101  100   98
    82.5-180.0 180.0   5.0 450.0                            LAT/LON1/LON2/DLON/H
  105  102  100   98   96   94   93   92   92   93   93   94   95   97   98   99
  100  102  103  103  104  106  107  108  110  112  113  115  116  117  117  117
  117  116  115  113  111  108  105  103  100   97   95   94   93   93   93   93
   95   96   98  100  103  106  109  111  115  117  119  121  122  123  124  124
  123  123  121  119  117  114  111  109  105
    80.0-180.0 180.0   5.0 450.0                            LAT/LON1/LON2/DLON/H
  112  109  105  102  100   98   97   97   98   99  101  103  106  108  109  111
  112  112  113  113  113  114  115  116  118  121  123  126  129  131  133  134
  134  133  132  129  125  122  117  112  108  104  101   98   96   96   96   97
   99  102  104  108  111  115  119  122  126  129  132  135  136  137  138  138
  137  136  134  131  128  124  120  116  112
    77.5-180.0 180.0   5.0 450.0                            LAT/LON1/LON2/DLON/H
  118  114  111  108  105  104  104  106  108  112  116  120  124  126  129  130
  129  128  126  123  122  120  120  120  122  125  129  133  138  142  145  148
  149  149  147  144  139  134  128  122  116  110  106  103  101  100  100  101
  104  107  111  115  119  123  127  130  134  137  139  142  144  145  145  145
  145  143  140  138  135  131  127  122  118
    75.0-180.0 180.0   5.0 450.0                            LAT/LON1/LON2/DLON/H
  121  118  116  114  112  113  115  119  124  131  138  145  151  156  158  157
  154  149  143  136  130  124  121  120  121  124  129  134  140  146  150  154
  156  157  156  153  147  142  135  128  121  115  110  106  104  104  104  107
  109  113  117  121  125  128  131  133  135  137  139  141  142  143  143  143
  141  141  139  136  133  131  128  125  121
    72.5-180.0 180.0   5.0 450.0                            LAT/LON1/LON2/DLON/H
  122  121  121  120  121  124  129  136  146  157  169  180  189  194  197  194
  188  179  167  154  142  132  125  121  120  121  125  130  136  142  147  152
  154  155  154  152  148  142  135  128  121  115  110  106  104  105  107  109
  113  117  120  123  125  127  128  129  130  131  131  132  132  133  132  132
  131  129  128  127  126  125  124  122  122
    70.0-180.0 180.0   5.0 450.0                            LAT/LON1/LON2/DLON/H
  120  121  124  127  131  137  145  157  171  188  204  220  233  241  244  240
  230  216  199  180  163  147  136  127  123  121  122  124  128  132  136  139
  142  143  143  141  138  133  127  121  115  108  104  101  100  101  104  107
  111  115  118  119  119  120  119  117  116  116  116  116  116  116  116  115
  115  113  112  112  112  114  116  118  120
    67.5-180.0 180.0   5.0 450.0                            LAT/LON1/LON2/DLON/H
  117  122  127  133  140  150  162  177  197  219  241  262  279  291  295  291
  280  262  240  216  193  173  157  144  134  127  123  121  120  120  120  121
  122  123  123  123  121  117  112  107  101   97   93   90   91   92   95   99
  103  106  107  108  107  105  102  100   97   96   96   96   97   98   98   97
   96   95   95   96   97  101  106  111  117
    65.0-180.0 180.0   5.0 450.0                            LAT/LON1/LON2/DLON/H
  113  122  131  140  150  162  177  197  220  246  272  298  321  336  344  343
  332  313  288  261  235  212  191  173  158  144  133  123  116  110  105  102
  101  101  101  101  100   98   94   90   85   81   79   77   78   80   83   86
   89   91   91   90   88   84   80   78   76   75   76   77   79   81   82   82
   81   80   79   81   84   89   96  104  113
    62.5-180.0 180.0   5.0 450.0                            LAT/LON1/LON2/DLON/H
  111  123  135  146  159  174  192  213  238  266  296  326  353  373  386  389
  380  362  338  310  283  258  235  213  192  172  153  136  120  107   97   90
   85   83   83   83   82   80   78   74   70   67   65   64   65   66   68   70
   71   72   71   69   66   62   59   57   56   57   59   63   66   70   71   72
   72   71   70   71   75   82   90  100  111
    60.0-180.0 180.0   5.0 450.0                            LAT/LON1/LON2/DLON/H
  113  127  140  154  169  186  205  227  252  281  311  341  371  396  414  421
  418  404  382  357  331  307  282  258  233  207  181  157  135  116  100   88
   81   77   75   74   72   69   66   63   60   57   56   56   56   56   56   56
   55   54   52   50   47   45   43   42   43   46   50   55   60   65   69   70
   70   68   67   68   72   79   88  101  113
    57.5-180.0 180.0   5.0 450.0                            LAT/LON1/LON2/DLON/H
  119  134  150  166  183  201  221  243  266  292  319  348  377  404  426  438
  440  431  415  394  372  350  327  302  275  246  217  188  161  137  118  102
   90   83   78   74   71   67   64   60   58   57   56   55   54   52   50   47
   45   43   41   38   36   35   36   38   42   46   51   57   63   68   72   75
   74   72   71   72   75   82   92  105  119
    55.0-180.0 180.0   5.0 450.0                            LAT/LON1/LON2/DLON/H
  129  146  164  183  203  223  244  264  284  305  327  351  377  403  425  440
  446  442  432  417  399  381  362  339  313  284  254  224  195  169  146  127
  112  100   92   85   79   74   70   66   65   64   64   63   60   57   52   48
   44   41   40   38   38   39   43   47   52   57   62   67   72   78   82   85
   84   82   81   80   84   90  100  113  129
    52.5-180.0 180.0   5.0 450.0                            LAT/LON1/LON2/DLON/H
  142  161  182  205  228  251  273  293  310  324  340  356  376  398  418  433
  441  441  434  424  413  399  384  365  342  317  289  260  232  204  180  158
  138  122  110  101   93   86   82   79   77   77   77   76   73   68   62   57
   54   52   52   52   54   56   61   67   73   77   81   84   87   91   95   98
   98   96   93   93   96  102  113  126  142
    50.0-180.0 180.0   5.0 450.0                            LAT/LON1/LON2/DLON/H
  159  181  205  231  259  285  309  329  343  353  361  369  381  396  412  424
  431  431  428  421  414  406  395  380  362  341  317  291  263  236  209  184
  161  142  126  115  106  100   95   92   91   92   93   93   90   84   79   74
   72   73   74   76   78   81   86   93   99  102  103  102  103  105  108  111
  111  110  107  106  109  115  126  141  159
    47.5-180.0 180.0   5.0 450.0                            LAT/LON1/LON2/DLON/H
  176  200  229  259  291  321  347  368  381  387  390  392  396  403  412  419
  423  421  417  413  409  404  398  388  373  355  334  311  285  257  228  199
  174  152  135  124  115  111  107  104  104  105  106  107  105  101   96   93
   94   97  100  103  105  108  112  118  123  125  123  119  116  116  119  123
  123  122  120  119  122  130  141  156  176
    45.0-180.0 180.0   5.0 450.0                            LAT/LON1/LON2/DLON/H
  193  220  251  286  320  353  381  403  417  423  422  419  417  418  421  423
  421  416  408  404  402  401  397  389  378  361  341  318  291  261  230  201
  173  151  135  125  120  116  113  112  111  112  114  116  115  112  110  110
  113  117  123  127  128  129  132  137  141  141  137  131  126  124  126  129
  131  130  128  129  133  141  154  172  193
    42.5-180.0 180.0   5.0 450.0                            LAT/LON1/LON2/DLON/H
  208  237  271  307  343  377  406  429  445  452  452  448  443  440  438  435
  429  417  406  398  398  399  397  390  378  361  340  315  286  255  222  190
  163  142  128  122  120  119  118  116  114  115  117  119  120  119  118  120
  124  131  137  140  140  140  143  147  150  149  143  135  129  126  128  131
  133  132  132  133  139  149  164  183  208
    40.0-180.0 180.0   5.0 450.0                            LAT/LON1/LON2/DLON/H
  218  249  284  322  357  390  418  442  459  470  474  472  468  463  459  452
  441  424  409  399  399  400  399  392  378  358  334  306  276  242  208  177
  151  134  124  122  123  123  122  119  116  116  117  120  122  121  120  122
  127  134  139  142  141  141  143  147  150  148  143  135  128  125  126  129
  129  129  128  131  139  152  171  193  218
    37.5-180.0 180.0   5.0 450.0                            LAT/LON1/LON2/DLON/H
  226  258  293  328  362  391  418  441  461  476  485  488  487  483  478  470
  456  435  415  404  402  405  403  395  379  356  329  299  267  233  200  171
  148  136  131  132  134  136  133  128  122  118  118  120  122  121  120  120
  124  129  134  135  134  135  137  141  144  143  138  132  126  123  123  124
  123  121  121  124  135  152  174  199  226
    35.0-180.0 180.0   5.0 450.0                            LAT/LON1/LON2/DLON/H
  232  263  296  328  359  386  409  432  453  471  485  493  496  497  492  484
  469  447  426  412  409  410  408  398  380  357  330  301  269  238  207  182
  166  159  157  160  162  160  154  144  135  128  125  126  127  125  122  120
  121  124  126  126  125  126  129  134  136  136  133  128  124  122  121  120
  117  114  112  117  129  150  177  204  232
    32.5-180.0 180.0   5.0 450.0                            LAT/LON1/LON2/DLON/H
  239  269  298  327  354  377  398  420  443  463  480  492  499  502  500  493
  478  457  436  421  416  416  412  401  383  362  338  313  287  260  234  218
  209  208  209  209  206  198  187  172  157  146  140  140  141  139  133  128
  125  125  124  122  120  122  126  130  131  130  129  127  126  123  121  118
  113  108  106  110  125  150  181  211  239
    30.0-180.0 180.0   5.0 450.0                            LAT/LON1/LON2/DLON/H
  250  277  303  329  353  374  394  416  439  460  477  490  499  503  503  496
  484  465  446  430  423  419  413  402  387  370  355  338  319  299  283  276
  277  281  282  276  264  248  228  207  187  172  166  165  166  163  158  150
  144  140  134  128  126  127  131  132  131  129  128  128  128  128  125  121
  115  109  106  110  126  155  189  221  250
    27.5-180.0 180.0   5.0 450.0                            LAT/LON1/LON2/DLON/H
  267  292  315  339  361  381  402  425  449  469  483  493  500  504  504  499
  489  473  454  438  427  419  411  401  391  382  377  371  361  351  346  352
  364  373  370  355  329  300  271  244  221  204  198  199  201  200  195  187
  178  169  158  148  142  142  144  143  138  132  131  132  133  134  132  127
  122  117  113  117  135  166  204  239  267
    25.0-180.0 180.0   5.0 450.0                            LAT/LON1/LON2/DLON/H
  292  316  338  361  384  405  428  453  477  494  504  509  510  511  509  503
  495  481  464  445  428  417  407  399  396  398  404  409  410  411  417  436
  459  471  461  430  389  345  306  274  250  237  234  239  245  246  242  234
  222  208  192  177  168  166  166  161  149  140  135  137  140  141  139  137
  134  131  128  132  151  184  224  262  292
    22.5-180.0 180.0   5.0 450.0                            LAT/LON1/LON2/DLON/H
  321  346  371  397  422  447  473  500  524  539  543  540  534  528  522  515
  506  493  474  452  430  413  403  399  403  416  433  449  459  469  486  516
  547  559  536  487  429  372  324  291  271  264  270  281  289  291  288  281
  267  250  230  211  199  195  193  183  166  150  143  143  145  147  147  148
  149  148  147  152  172  206  248  289  321
    20.0-180.0 180.0   5.0 450.0                            LAT/LON1/LON2/DLON/H
  352  381  411  443  474  505  534  563  587  600  600  590  574  560  548  537
  526  510  488  461  434  412  400  401  414  438  465  487  505  520  544  579
  613  618  581  516  442  374  322  291  280  284  301  318  327  328  326  318
  303  284  262  240  227  223  220  207  186  164  152  150  150  151  153  158
  164  166  167  173  193  229  274  317  352
    17.5-180.0 180.0   5.0 450.0                            LAT/LON1/LON2/DLON/H
  380  415  452  492  532  570  604  635  660  674  673  657  633  609  588  572
  555  535  510  477  443  417  405  411  432  464  497  523  543  561  586  620
  647  641  588  508  425  352  300  278  279  297  324  347  356  353  347  337
  322  302  281  262  250  248  245  231  205  180  164  157  155  154  157  165
  174  180  183  191  212  250  296  342  380
    15.0-180.0 180.0   5.0 450.0                            LAT/LON1/LON2/DLON/H
  403  444  488  537  586  632  671  704  733  751  754  738  707  672  642  617
  595  570  540  502  462  432  420  429  457  493  529  556  574  591  610  634
  648  624  557  470  387  317  273  261  276  306  342  367  372  362  349  334
  318  302  286  272  263  264  264  251  224  197  177  166  160  157  159  168
  179  188  193  202  225  264  313  360  403
    12.5-180.0 180.0   5.0 450.0                            LAT/LON1/LON2/DLON/H
  418  464  515  571  628  680  723  758  792  819  830  820  788  746  705  671
  644  615  580  537  493  459  446  457  488  527  561  584  599  610  619  627
  620  579  502  419  346  289  256  255  281  320  357  381  378  359  337  316
  300  288  280  271  269  273  277  267  242  214  192  177  167  160  160  169
  180  190  196  207  232  272  323  373  418
    10.0-180.0 180.0   5.0 450.0                            LAT/LON1/LON2/DLON/H
  426  475  529  590  651  708  753  791  828  864  888  887  860  815  767  729
  698  667  630  585  537  500  485  496  525  562  592  609  618  622  619  610
  582  527  449  378  323  282  262  271  303  342  376  393  382  354  321  293
  275  268  267  264  267  275  284  278  258  231  208  190  176  166  163  168
  177  186  193  206  233  277  328  380  426
     7.5-180.0 180.0   5.0 450.0                            LAT/LON1/LON2/DLON/H
  430  480  535  595  656  712  757  796  836  880  915  926  909  866  818  779
  750  721  685  639  590  551  534  542  567  597  620  633  636  633  621  596
  553  488  418  365  332  309  302  315  344  377  402  410  391  355  313  277
  255  251  255  257  262  274  286  286  271  247  224  204  187  174  168  168
  174  180  188  204  234  279  331  383  430
     5.0-180.0 180.0   5.0 450.0                            LAT/LON1/LON2/DLON/H
  433  481  534  591  649  701  742  776  814  860  903  927  923  890  849  816
  793  770  738  695  647  608  588  592  610  632  649  655  654  647  629  594
  542  480  425  394  380  373  370  380  399  419  435  435  412  371  322  279
  252  245  249  252  258  271  285  291  281  261  239  218  200  186  176  171
  172  174  183  202  236  282  335  386  433
     2.5-180.0 180.0   5.0 450.0                            LAT/LON1/LON2/DLON/H
  436  483  531  583  636  682  718  745  775  814  856  888  897  880  853  833
  821  808  783  746  702  664  643  641  652  666  677  679  676  667  648  610
  560  509  474  461  459  456  452  451  455  462  469  467  445  404  351  301
  267  254  254  254  256  267  284  293  288  272  250  230  213  199  187  178
  173  174  183  206  242  289  341  390  436
