GPS-project/datasets/gim/igsg0320.15i
     1.0            IONOSPHERE MAPS     MIX                 IONEX VERSION / TYPE
cmpcmb v1.2          GRL/UWM            21-feb-15 16:20     PGM / RUN BY / DATE 
ionex file containing IGS COMBINED Ionosphere maps          COMMENT             
global ionosphere maps for day 032, 2015                    DESCRIPTION         
IONEX file containing the COMBINED IGS TEC MAPS and DCBs    DESCRIPTION         
      IONEX files of the following IAACs were combined: cod DESCRIPTION         
                                                        jpl DESCRIPTION         
Contact address: Andrzej Krankowski                         DESCRIPTION
                 Geodynamics Research Laboratory            DESCRIPTION
                 University of Warmia and Mazury (GRL/UWM)  DESCRIPTION
                 Oczapowski St. 1                           DESCRIPTION
                 10-957-Olsztyn, POLAND                     DESCRIPTION
                 e-mail:  kand@uwm.edu.pl                   DESCRIPTION
                                                            DESCRIPTION         
  2015     2     1     0     0     0                        EPOCH OF FIRST MAP  
  2015     2     2     0     0     0                        EPOCH OF LAST MAP   
  7200                                                      INTERVAL            
    13                                                      # OF MAPS IN FILE   
  COSZ                                                      MAPPING FUNCTION    
     0.0                                                    ELEVATION CUTOFF    
combined TEC calculated as weighted mean of input TEC valuesOBSERVABLES USED    
   325                                                      # OF STATIONS       
    31                                                      # OF SATELLITES     
  6371.0                                                    BASE RADIUS         
     2                                                      MAP DIMENSION       
   450.0 450.0   0.0                                        HGT1 / HGT2 / DHGT  
    87.5 -87.5  -2.5                                        LAT1 / LAT2 / DLAT  
  -180.0 180.0   5.0                                        LON1 / LON2 / DLON  
    -1                                                      EXPONENT            
TEC values in 0.1 tec units;  9999, if no value available   COMMENT             
DCB values in nanoseconds, reference is Sum_of_SatDCBs = 0  COMMENT             
                                                            END OF HEADER       
[from data line 2574]
     7                                                      START OF TEC MAP    
  2015     2     1    12     0     0                        EPOCH OF CURRENT MAP
    87.5-180.0 180.0   5.0 450.0                            LAT/LON1/LON2/DLON/H
   73   73   73   72   73   73   72   72   72   72   73   73   73   73   73   73
   73   73   73   73   73   74   74   74   74   74   74   74   74   74   74   74
   74   74   75   74   75   75   75   75   75   75   75   75   74   75   75   75
   75   75   75   75   76   76   76   76   76   76   76   76   76   75   75   76
   75   75   75   74   74   73   73   73   73
    85.0-180.0 180.0   5.0 450.0                            LAT/LON1/LON2/DLON/H
   70   69   69   69   69   69   69   70   70   70   70   71   71   72   72   72
   72   72   72   72   72   73   73   73   73   73   74   75   75   76   76   77
   77   78   78   78   79   79   79   78   78   78   77   77   77   76   77   76
   77   77   77   78   79   79   80   81   81   82   82   82   81   81   80   79
   78   77   76   75   73   72   71   70   70
    82.5-180.0 180.0   5.0 450.0                            LAT/LON1/LON2/DLON/H
   66   65   65   65   65   66   67   69   69   70   71   71   72   72   71   71
   71   71   70   71   71   71   71   72   72   73   74   76   78   79   81   83
   85   87   89   90   90   91   91   91   90   89   87   86   85   84   83   82
   83   82   83   84   85   87   88   90   91   91   92   93   92   91   89   87
   85   82   79   76   74   71   69   67   66
    80.0-180.0 180.0   5.0 450.0                            LAT/LON1/LON2/DLON/H
   63   62   62   62   64   65   67   69   71   72   74   74   74   74   74   73
   72   71   70   69   69   69   70   71   72   75   77   80   83   87   91   94
   99  102  106  108  111  112  112  112  111  110  107  105  102  100   98   97
   95   95   95   95   97   98  100  102  104  105  107  107  106  104  102   99
   95   90   85   80   76   71   68   65   63
    77.5-180.0 180.0   5.0 450.0                            LAT/LON1/LON2/DLON/H
   63   61   61   63   65   68   70   73   75   77   78   79   79   78   77   75
   74   73   72   71   71   72   73   75   77   80   83   87   92   97  103  108
  115  121  127  132  137  139  141  142  141  139  136  133  129  126  122  119
  117  115  114  113  113  113  114  115  117  119  120  120  120  119  115  111
  106  100   93   86   79   73   68   65   63
    75.0-180.0 180.0   5.0 450.0                            LAT/LON1/LON2/DLON/H
   65   64   65   67   70   73   77   80   83   85   86   86   85   83   81   80
   78   76   76   76   78   79   81   84   87   91   94   98  103  109  116  124
  133  141  150  158  165  170  174  176  175  174  171  168  164  159  155  151
  147  143  140  136  133  130  129  128  128  129  129  130  130  128  125  121
  114  107   99   91   83   77   71   68   65
    72.5-180.0 180.0   5.0 450.0                            LAT/LON1/LON2/DLON/H
   70   70   72   75   79   83   87   90   93   94   94   93   92   89   87   85
   84   83   84   86   88   91   95   99  103  107  110  114  117  122  129  137
  148  160  172  183  192  200  206  209  211  210  208  205  201  196  192  187
  182  176  170  162  154  148  141  136  133  132  131  131  131  130  127  123
  117  110  102   94   87   80   75   72   70
    70.0-180.0 180.0   5.0 450.0                            LAT/LON1/LON2/DLON/H
   76   78   81   85   90   94   98  101  101  102  102  100   97   95   93   91
   91   91   94   96  100  105  110  116  121  125  127  129  131  134  139  148
  159  174  188  203  215  226  234  239  242  244  243  240  237  233  229  223
  217  209  199  187  175  161  148  138  130  125  123  122  121  121  119  115
  111  106   99   93   87   82   78   76   76
    67.5-180.0 180.0   5.0 450.0                            LAT/LON1/LON2/DLON/H
   81   84   89   94   99  103  106  108  108  107  105  103  101   98   96   96
   97   98  101  104  109  116  124  130  136  139  141  141  141  142  146  155
  167  182  200  217  231  244  255  262  268  271  272  271  268  264  260  254
  247  237  224  208  190  170  151  135  122  112  107  104  103  102  101   98
   96   93   89   86   83   80   79   79   81
    65.0-180.0 180.0   5.0 450.0                            LAT/LON1/LON2/DLON/H
   83   88   94  100  104  108  110  110  108  107  104  103  101   99   98   99
  100  102  104  107  112  120  129  137  144  148  148  148  148  148  151  159
  172  189  208  225  241  256  268  277  285  291  294  294  291  286  281  274
  267  256  242  223  200  175  150  127  110   97   88   83   80   79   78   76
   76   75   74   74   75   76   78   79   83
    62.5-180.0 180.0   5.0 450.0                            LAT/LON1/LON2/DLON/H
   81   86   93   99  104  106  107  105  103  100   99   97   97   97   97   98
  100  101  102  104  108  116  125  135  143  147  150  150  150  151  155  165
  179  197  215  232  247  262  275  287  298  305  310  310  306  299  291  282
  274  264  250  230  205  178  149  123  101   85   74   67   62   58   56   55
   55   56   59   63   67   70   74   78   81
    60.0-180.0 180.0   5.0 450.0                            LAT/LON1/LON2/DLON/H
   77   81   86   92   96   97   97   94   92   89   88   89   90   91   93   95
   96   96   95   95   98  105  114  125  134  141  145  148  150  154  162  175
  191  209  226  241  254  267  280  293  306  317  323  322  315  303  291  281
  272  264  252  233  209  181  151  124  101   83   70   61   54   50   46   43
   43   44   48   54   61   67   71   74   77
    57.5-180.0 180.0   5.0 450.0                            LAT/LON1/LON2/DLON/H
   71   72   76   81   84   85   84   81   78   77   77   78   81   84   86   89
   90   89   85   83   84   90  100  111  122  131  138  145  152  162  175  191
  210  228  243  255  265  274  286  299  314  326  333  331  320  304  286  273
  265  258  249  234  214  188  160  134  111   94   81   72   64   57   51   45
   43   43   47   55   62   68   71   72   71
    55.0-180.0 180.0   5.0 450.0                            LAT/LON1/LON2/DLON/H
   68   65   65   69   72   73   72   69   67   66   68   70   72   75   79   82
   83   81   77   73   72   77   87   99  113  124  135  147  160  175  193  213
  234  252  265  274  280  286  295  307  322  335  343  340  326  305  283  266
  257  252  247  237  221  199  175  153  133  118  107   98   90   82   72   63
   57   55   57   64   71   76   76   72   68
    52.5-180.0 180.0   5.0 450.0                            LAT/LON1/LON2/DLON/H
   69   62   59   61   64   65   65   63   62   62   63   64   66   69   72   75
   77   76   71   66   64   69   80   94  110  124  139  156  174  194  216  239
  261  279  291  297  299  302  307  317  330  343  351  349  334  309  283  263
  254  251  249  243  231  214  194  175  159  147  139  133  126  116  105   93
   83   78   77   81   88   90   87   79   69
    50.0-180.0 180.0   5.0 450.0                            LAT/LON1/LON2/DLON/H
   76   65   61   61   63   65   65   64   64   64   64   64   64   65   68   72
   74   74   70   65   65   70   82   97  115  133  152  172  194  217  241  264
  286  303  315  320  322  321  322  327  336  349  358  357  343  319  291  270
  259  255  253  249  241  227  211  195  181  172  168  164  159  150  138  124
  112  103  100  103  107  107  101   90   76
    47.5-180.0 180.0   5.0 450.0                            LAT/LON1/LON2/DLON/H
   88   76   69   68   69   71   71   72   72   72   72   70   67   66   68   72
   76   76   74   71   71   79   92  110  129  150  171  194  217  240  262  284
  303  321  334  342  343  341  338  337  341  351  360  362  353  332  306  284
  271  264  261  256  246  234  219  204  192  184  181  180  178  171  160  147
  134  124  120  121  123  124  117  103   88
    45.0-180.0 180.0   5.0 450.0                            LAT/LON1/LON2/DLON/H
  102   90   83   82   82   83   83   82   83   84   83   79   75   71   71   75
   80   82   82   81   83   93  108  128  150  172  195  218  240  260  278  296
  314  332  349  360  365  361  353  346  343  348  357  364  361  346  325  303
  287  277  269  260  247  232  216  200  186  177  174  174  174  171  163  153
  142  134  130  131  134  134  129  117  102
    42.5-180.0 180.0   5.0 450.0                            LAT/LON1/LON2/DLON/H
  115  104  100   98   97   97   94   93   94   95   96   91   84   79   78   82
   87   91   92   93   98  110  128  149  172  196  219  241  260  275  288  302
  319  340  361  378  386  384  370  354  343  344  353  362  365  359  343  323
  305  291  277  260  243  223  203  184  166  154  149  149  150  150  147  142
  136  131  129  130  135  137  135  126  115
    40.0-180.0 180.0   5.0 450.0                            LAT/LON1/LON2/DLON/H
  121  115  112  112  112  108  104  100  101  103  105  102   95   88   87   90
   95   99  101  104  113  127  147  170  193  217  240  260  276  286  295  306
  323  349  376  399  412  409  391  367  348  343  350  361  369  368  357  340
  321  304  284  262  239  215  191  168  146  130  121  119  120  123  123  123
  122  121  121  123  128  132  133  128  121
    37.5-180.0 180.0   5.0 450.0                            LAT/LON1/LON2/DLON/H
  121  119  119  121  120  116  109  103  103  107  112  111  105   99   96   97
  102  105  107  112  123  141  162  185  210  234  256  274  287  295  301  314
  336  366  398  426  443  440  419  388  363  351  354  364  373  376  368  354
  337  318  297  272  245  219  194  169  145  124  111  105  105  107  110  113
  116  117  115  116  118  123  125  124  121
    35.0-180.0 180.0   5.0 450.0                            LAT/LON1/LON2/DLON/H
  116  116  119  122  122  117  108  101  101  107  114  116  112  106  104  104
  106  107  110  116  130  150  173  197  221  244  267  284  296  304  313  332
  361  396  433  463  481  478  456  421  391  374  371  376  383  385  381  370
  356  340  321  297  272  248  225  202  178  154  137  128  124  123  125  128
  130  129  123  118  115  116  117  117  116
    32.5-180.0 180.0   5.0 450.0                            LAT/LON1/LON2/DLON/H
  110  110  114  118  119  114  105   97   96  102  112  117  116  112  109  108
  108  108  109  117  133  155  180  203  227  251  273  292  306  318  335  363
  401  443  480  509  526  523  501  468  436  415  404  401  402  401  398  392
  384  373  361  345  328  312  295  277  256  233  214  200  191  184  180  178
  175  167  154  139  126  119  115  113  110
    30.0-180.0 180.0   5.0 450.0                            LAT/LON1/LON2/DLON/H
  110  107  109  112  114  109  101   92   90   97  108  115  116  115  112  111
  108  106  107  116  135  159  185  208  231  254  278  300  319  338  367  408
  457  502  538  563  575  571  552  524  495  471  451  440  433  430  427  426
  425  424  422  419  414  407  400  389  373  353  333  316  301  286  274  264
  252  234  210  182  156  138  125  117  110
    27.5-180.0 180.0   5.0 450.0                            LAT/LON1/LON2/DLON/H
  121  112  109  110  110  105   97   89   86   92  102  110  114  114  113  111
  106  103  104  116  138  165  191  213  235  258  284  310  336  367  409  463
  522  570  602  618  623  618  604  585  561  535  509  489  477  470  472  477
  483  491  501  512  518  521  521  516  505  488  469  450  430  409  387  368
  347  318  283  243  205  174  151  134  121
    25.0-180.0 180.0   5.0 450.0                            LAT/LON1/LON2/DLON/H
  145  129  119  114  111  105   97   89   85   89   96  103  108  111  111  109
  104  101  105  120  145  174  200  222  242  266  293  325  359  401  457  524
  589  637  662  668  666  658  650  641  626  601  572  547  531  526  531  542
  554  569  588  608  624  632  635  632  623  608  592  573  549  522  494  466
  437  401  357  309  263  223  191  165  145
    22.5-180.0 180.0   5.0 450.0                            LAT/LON1/LON2/DLON/H
  179  157  139  128  118  109  100   91   87   87   92   97  102  106  108  106
  102  101  107  126  156  187  214  234  254  277  306  342  385  438  506  581
  649  693  709  706  696  688  686  688  682  661  631  605  590  588  598  614
  630  648  671  695  712  720  720  712  699  685  671  654  630  600  567  535
  502  463  418  368  319  274  236  205  179
    20.0-180.0 180.0   5.0 450.0                            LAT/LON1/LON2/DLON/H
  219  192  168  148  132  117  106   97   91   89   89   92   96  101  104  104
  102  102  112  136  169  203  230  251  269  293  323  363  412  473  548  627
  693  730  737  725  712  704  709  721  725  710  682  659  647  649  666  685
  702  717  737  756  768  767  756  737  716  699  686  672  649  620  587  554
  523  487  446  403  359  317  280  247  219
    17.5-180.0 180.0   5.0 450.0                            LAT/LON1/LON2/DLON/H
  256  227  198  171  147  128  113  103   96   92   89   90   92   97  101  103
  102  105  119  147  183  220  248  268  287  311  343  386  438  502  578  655
  714  743  742  726  711  708  721  742  755  746  724  704  697  704  723  744
  758  768  777  786  785  772  747  713  681  659  647  635  614  586  554  525
  497  469  438  406  375  344  314  285  256
    15.0-180.0 180.0   5.0 450.0                            LAT/LON1/LON2/DLON/H
  285  256  224  193  162  137  120  108  101   96   92   90   92   96  101  103
  103  109  126  156  195  234  264  287  309  334  367  409  461  522  593  662
  710  730  724  709  699  704  725  755  775  773  756  740  735  744  764  784
  794  795  793  786  772  746  708  660  615  587  572  560  541  516  487  461
  439  419  401  383  367  351  333  311  285
    12.5-180.0 180.0   5.0 450.0                            LAT/LON1/LON2/DLON/H
  301  274  242  208  174  145  124  112  105  100   95   93   94   98  102  104
  106  113  132  164  204  244  278  305  332  360  393  433  480  534  594  649
  686  698  692  682  683  698  727  763  789  792  780  766  761  768  787  804
  809  801  786  766  740  705  658  600  545  509  490  476  457  433  407  385
  369  357  348  344  343  343  337  322  301
    10.0-180.0 180.0   5.0 450.0                            LAT/LON1/LON2/DLON/H
  305  279  249  215  180  149  128  114  108  103   98   96   97  101  105  107
  107  116  135  169  210  252  289  322  356  389  423  459  497  538  583  625
  650  658  655  657  669  695  731  772  802  810  800  785  775  778  792  806
  806  790  766  736  705  668  620  560  501  458  431  410  389  366  343  324
  311  304  302  306  316  327  332  323  305
     7.5-180.0 180.0   5.0 450.0                            LAT/LON1/LON2/DLON/H
  301  276  247  215  182  152  130  117  109  104  100   98  100  105  108  108
  109  117  138  171  213  258  299  340  381  420  455  485  512  539  569  597
  614  621  627  641  666  701  741  783  815  825  816  797  781  777  785  793
  788  768  739  709  680  649  609  555  496  447  411  382  357  334  313  297
  286  280  278  283  297  314  323  317  301
     5.0-180.0 180.0   5.0 450.0                            LAT/LON1/LON2/DLON/H
  293  269  241  211  181  154  133  120  112  105  100   98  100  106  108  108
  110  119  140  174  217  263  310  358  407  450  485  509  524  538  556  575
  588  599  613  639  675  714  754  796  827  839  828  804  780  768  769  772
  763  741  714  689  670  653  625  582  529  477  432  396  367  344  326  311
  300  291  286  287  297  310  317  311  293
     2.5-180.0 180.0   5.0 450.0                            LAT/LON1/LON2/DLON/H
  290  264  236  209  182  157  139  125  116  107   99   96   98  104  106  106
  108  118  141  177  223  272  322  376  429  475  508  526  532  537  549  564
  579  595  618  652  691  730  767  805  836  847  835  806  774  754  749  747
  736  715  693  679  674  671  661  633  589  537  486  443  412  391  375  360
  348  335  323  314  314  318  319  310  290
