GPS-project/datasets/gim/igsg0320.15i
     1.0            IONOSPHERE MAPS     MIX                 IONEX VERSION / TYPE
cmpcmb v1.2          GRL/UWM            21-feb-15 16:20     PGM / RUN BY / DATE 
ionex file containing IGS COMBINED Ionosphere maps          COMMENT             
global ionosphere maps for day 032, 2015                    DESCRIPTION         
IONEX file containing the COMBINED IGS TEC MAPS and DCBs    DESCRIPTION         
      IONEX files of the following IAACs were combined: cod DESCRIPTION         
                                                        jpl DESCRIPTION         
Contact address: Andrzej Krankowski                         DESCRIPTION
                 Geodynamics Research Laboratory            DESCRIPTION
                 University of Warmia and Mazury (GRL/UWM)  DESCRIPTION
                 Oczapowski St. 1                           DESCRIPTION
                 10-957-Olsztyn, POLAND                     DESCRIPTION
                 e-mail:  kand@uwm.edu.pl                   DESCRIPTION
                                                            DESCRIPTION         
  2015     2     1     0     0     0                        EPOCH OF FIRST MAP  
  2015     2     2     0     0     0                        EPOCH OF LAST MAP   
  7200                                                      INTERVAL            
    13                                                      # OF MAPS IN FILE   
  COSZ                                                      MAPPING FUNCTION    
     0.0                                                    ELEVATION CUTOFF    
combined TEC calculated as weighted mean of input TEC valuesOBSERVABLES USED    
   325                                                      # OF STATIONS       
    31                                                      # OF SATELLITES     
  6371.0                                                    BASE RADIUS         
     2                                                      MAP DIMENSION       
   450.0 450.0   0.0                                        HGT1 / HGT2 / DHGT  
    87.5 -87.5  -2.5                                        LAT1 / LAT2 / DLAT  
  -180.0 180.0   5.0                                        LON1 / LON2 / DLON  
    -1                                                      EXPONENT            
TEC values in 0.1 tec units;  9999, if no value available   COMMENT             
DCB values in nanoseconds, reference is Sum_of_SatDCBs = 0  COMMENT             
                                                            END OF HEADER       
     1                                                      START OF TEC MAP    
  2015     2     1     0     0     0                        EPOCH OF CURRENT MAP
    87.5-180.0 180.0   5.0 450.0                            LAT/LON1/LON2/DLON/H
  137  138  140  141  143  145  146  146  147  148  148  148  148  148  147  146
  145  144  142  140  138  135  133  131  128  126  123  120  117  115  112  109
  107  105  103  101  100   98   97   96   96   95   95   95   95   95   96   96
   97   98   99  100  101  102  104  105  107  109  110  112  114  115  117  119
  121  123  125  128  129  131  133  135  137
    85.0-180.0 180.0   5.0 450.0                            LAT/LON1/LON2/DLON/H
  150  154  157  160  164  167  169  172  174  176  178  179  179  178  178  177
  175  173  170  166  162  158  153  148  142  137  131  125  119  114  109  104
  100   96   93   90   88   86   85   84   84   83   84   85   85   86   87   88
   89   91   92   94   95   98   99  101  104  106  108  111  113  116  119  122
  125  128  131  134  137  140  144  147  150
    82.5-180.0 180.0   5.0 450.0                            LAT/LON1/LON2/DLON/H
  158  163  168  173  179  184  190  194  198  201  204  206  206  207  206  205
  202  199  195  191  185  179  173  166  158  150  142  134  125  118  110  104
   98   93   89   86   84   83   83   84   85   86   87   89   91   92   93   95
   96   97   98   99  101  102  103  105  107  109  111  113  116  118  121  124
  127  130  133  137  141  145  149  154  158
    80.0-180.0 180.0   5.0 450.0                            LAT/LON1/LON2/DLON/H
  163  169  177  184  193  200  208  214  221  225  228  229  229  228  226  224
  221  217  212  208  202  196  190  182  174  164  155  144  135  125  116  108
  101   95   91   89   89   90   92   94   97  100  103  106  109  110  111  112
  113  113  113  113  112  112  112  112  113  114  115  116  118  120  123  125
  128  131  134  138  142  146  152  157  163
    77.5-180.0 180.0   5.0 450.0                            LAT/LON1/LON2/DLON/H
  168  177  187  197  208  219  228  237  243  247  248  247  245  240  235  230
  225  220  215  212  208  204  199  194  187  178  169  158  147  136  126  117
  110  104  101   99  101  104  107  112  116  121  125  129  132  133  134  133
  132  131  129  127  125  123  122  120  119  118  118  118  118  120  122  124
  127  131  134  138  143  148  153  160  168
    75.0-180.0 180.0   5.0 450.0                            LAT/LON1/LON2/DLON/H
  176  187  199  212  226  239  250  259  266  267  265  260  252  243  233  224
  215  210  205  202  202  200  200  198  195  189  181  172  161  150  139  130
  121  117  114  114  117  121  126  131  137  142  147  150  152  152  152  150
  148  145  142  139  135  132  128  126  122  120  118  116  116  117  118  122
  125  130  134  140  145  152  159  167  176
    72.5-180.0 180.0   5.0 450.0                            LAT/LON1/LON2/DLON/H
  188  200  214  229  245  259  273  282  287  287  281  271  257  241  225  210
  198  190  184  183  185  189  193  197  198  196  191  183  173  163  152  142
  135  130  127  128  131  135  141  147  152  157  160  162  163  162  160  157
  154  151  147  143  139  135  131  127  122  118  114  112  111  112  114  118
  124  130  137  144  152  159  168  177  188
    70.0-180.0 180.0   5.0 450.0                            LAT/LON1/LON2/DLON/H
  202  214  229  244  261  278  293  303  309  307  299  284  264  242  219  198
  180  167  160  158  162  170  180  188  194  196  195  189  181  171  160  151
  144  138  136  137  140  143  148  153  157  159  161  161  160  159  156  153
  150  147  143  140  136  132  127  122  117  112  108  105  105  107  111  117
  124  133  142  151  161  171  180  191  202
    67.5-180.0 180.0   5.0 450.0                            LAT/LON1/LON2/DLON/H
  216  227  240  255  272  290  306  320  327  326  318  300  276  249  220  193
  168  149  137  135  140  150  162  175  184  189  190  187  181  172  163  153
  146  140  137  137  138  141  144  146  147  149  149  148  146  144  141  139
  136  133  131  129  126  122  118  113  107  103  100   99  100  103  110  119
  129  139  151  163  173  185  195  206  216
    65.0-180.0 180.0   5.0 450.0                            LAT/LON1/LON2/DLON/H
  230  238  248  261  277  295  314  330  341  343  336  319  294  264  230  197
  166  141  125  119  121  131  144  157  167  174  177  176  171  164  156  147
  140  134  130  128  127  127  127  128  128  128  127  126  124  122  119  117
  116  115  113  112  111  108  104   99   95   93   91   93   97  104  113  125
  137  150  163  176  189  201  211  221  230
    62.5-180.0 180.0   5.0 450.0                            LAT/LON1/LON2/DLON/H
  243  249  255  265  278  296  315  335  349  355  351  337  314  284  249  212
  177  147  124  112  110  115  125  136  146  153  157  157  154  149  143  135
  127  121  116  112  109  106  105  103  103  102  101  101   99   98   96   94
   93   93   93   93   93   91   88   85   82   82   85   90   97  108  121  135
  150  165  179  193  206  218  228  237  243
    60.0-180.0 180.0   5.0 450.0                            LAT/LON1/LON2/DLON/H
  260  264  266  272  282  297  316  336  352  362  361  351  332  306  274  237
  199  165  136  116  106  105  109  116  122  129  133  134  133  129  125  118
  112  104   98   92   88   84   82   80   79   78   78   79   78   76   75   73
   72   72   74   75   76   75   74   72   72   74   80   90  102  118  134  152
  168  183  198  212  225  238  248  256  260
    57.5-180.0 180.0   5.0 450.0                            LAT/LON1/LON2/DLON/H
  282  285  285  287  292  304  320  338  354  363  365  359  346  326  299  266
  229  192  158  130  110  100   96   97  101  105  110  112  112  111  107  102
   95   89   82   76   71   67   64   62   61   62   63   63   64   62   60   58
   57   57   59   61   64   64   63   64   65   70   80   94  111  131  151  171
  188  204  219  233  247  259  270  278  282
    55.0-180.0 180.0   5.0 450.0                            LAT/LON1/LON2/DLON/H
  309  313  313  312  314  321  331  344  356  362  365  362  354  340  321  294
  261  224  185  149  120   99   88   84   84   88   93   96   97   96   93   89
   83   78   72   67   62   59   57   55   55   55   57   58   58   57   54   51
   49   49   51   55   58   59   61   62   65   72   84  103  123  146  169  191
  210  226  241  255  269  283  295  304  309
    52.5-180.0 180.0   5.0 450.0                            LAT/LON1/LON2/DLON/H
  341  346  347  346  346  347  352  358  362  364  363  360  356  348  337  317
  288  252  211  169  132  104   86   78   77   80   85   89   90   88   85   81
   77   73   69   66   64   63   62   60   59   59   59   60   60   59   55   51
   49   49   51   56   60   63   65   67   72   81   95  115  138  163  188  210
  230  247  263  278  292  307  320  332  341
    50.0-180.0 180.0   5.0 450.0                            LAT/LON1/LON2/DLON/H
  372  381  384  385  383  381  381  380  376  369  362  357  353  350  343  330
  305  272  230  186  145  112   91   81   80   84   89   92   92   89   84   80
   76   74   73   74   75   76   75   74   71   68   68   69   68   66   62   58
   55   54   58   62   68   72   76   79   84   94  109  130  154  180  204  226
  246  264  281  297  314  330  346  360  372
    47.5-180.0 180.0   5.0 450.0                            LAT/LON1/LON2/DLON/H
  399  411  418  420  419  417  413  406  394  380  365  355  349  347  342  332
  311  280  242  199  158  125  104   95   94   99  103  103  100   94   88   83
   80   79   82   86   91   94   94   90   86   81   80   80   79   77   73   68
   65   65   68   74   80   85   89   93   99  110  126  146  169  194  217  238
  257  276  294  313  331  350  368  385  399
    45.0-180.0 180.0   5.0 450.0                            LAT/LON1/LON2/DLON/H
  419  432  442  446  447  445  441  431  415  394  373  356  347  341  336  325
  306  279  244  207  171  143  125  117  118  120  123  120  112  104   95   89
   86   87   92  100  107  111  111  106   99   94   91   91   91   89   85   80
   77   76   80   86   93   99  103  107  115  126  142  162  184  205  225  245
  263  282  301  323  344  364  384  403  419
    42.5-180.0 180.0   5.0 450.0                            LAT/LON1/LON2/DLON/H
  428  442  452  458  461  462  459  450  432  407  382  361  346  338  328  314
  294  270  243  214  187  165  151  146  146  146  143  136  125  113  103   96
   93   95  101  110  119  124  123  117  110  104  102  102  102  100   96   91
   88   88   91   97  104  110  114  119  128  142  159  177  196  214  230  245
  262  281  302  326  350  373  394  413  428
    40.0-180.0 180.0   5.0 450.0                            LAT/LON1/LON2/DLON/H
  428  440  450  456  460  463  463  458  441  417  389  367  350  337  322  304
  282  262  242  223  205  190  180  175  172  169  161  149  135  122  112  105
  101  102  108  117  126  131  130  124  116  112  110  111  111  108  104   99
   96   95   99  105  112  117  122  128  139  155  173  192  208  221  232  243
  257  275  296  322  350  375  397  414  428
    37.5-180.0 180.0   5.0 450.0                            LAT/LON1/LON2/DLON/H
  422  431  438  443  447  451  455  452  439  418  393  371  354  338  320  298
  277  260  247  238  227  216  205  198  191  184  171  157  143  132  125  119
  114  113  116  123  130  135  134  128  122  118  119  119  119  115  109  104
  101  100  103  109  116  121  125  132  146  164  186  203  217  227  234  241
  252  268  289  317  346  373  395  411  422
    35.0-180.0 180.0   5.0 450.0                            LAT/LON1/LON2/DLON/H
  416  421  425  429  430  433  437  437  428  411  390  373  357  341  322  299
  279  266  259  255  247  235  221  210  200  189  176  163  152  147  143  140
  134  129  128  130  135  139  138  133  128  126  127  129  126  119  112  106
  102  101  104  110  116  120  125  133  149  172  195  214  226  233  238  243
  252  265  285  313  344  373  395  409  416
    32.5-180.0 180.0   5.0 450.0                            LAT/LON1/LON2/DLON/H
  420  422  424  424  421  419  420  419  412  398  383  370  358  344  326  306
  289  280  276  272  261  244  225  208  196  187  177  170  168  170  174  172
  164  154  146  143  145  148  147  141  137  137  138  137  132  123  113  106
  101  100  102  106  112  116  121  132  151  177  203  223  235  242  247  253
  260  272  290  318  350  380  404  416  420
    30.0-180.0 180.0   5.0 450.0                            LAT/LON1/LON2/DLON/H
  445  445  445  441  432  422  415  409  401  389  376  366  358  347  331  314
  302  296  292  284  266  241  215  197  186  182  181  184  193  206  215  215
  205  188  173  164  163  164  162  156  151  150  151  148  138  125  113  104
  100   98   98  101  105  109  116  129  151  180  209  231  245  254  262  271
  280  291  308  335  368  402  428  441  445
    27.5-180.0 180.0   5.0 450.0                            LAT/LON1/LON2/DLON/H
  497  499  498  489  472  451  434  419  405  391  378  368  360  349  335  321
  314  310  303  288  262  230  202  186  182  187  196  210  231  253  267  267
  252  229  205  191  187  188  184  175  168  166  165  158  144  127  112  103
   98   94   93   93   96  101  109  125  151  183  215  240  256  269  283  297
  311  324  341  368  404  442  473  491  497
    25.0-180.0 180.0   5.0 450.0                            LAT/LON1/LON2/DLON/H
  580  586  583  571  545  513  484  459  437  416  399  384  371  357  340  328
  322  318  306  284  252  218  194  187  195  208  226  249  279  308  325  322
  302  271  241  221  216  214  209  197  188  184  179  168  150  129  112  102
   96   92   88   85   86   91  102  122  151  186  221  248  269  287  309  331
  351  368  387  415  455  499  538  565  580
    22.5-180.0 180.0   5.0 450.0                            LAT/LON1/LON2/DLON/H
  679  695  696  681  648  606  567  534  504  476  449  423  399  375  352  334
  326  318  303  277  244  215  203  213  233  253  272  298  331  361  378  372
  345  308  272  250  242  240  232  219  207  200  192  178  155  131  113  102
   96   90   83   78   77   83   96  118  152  190  228  260  284  309  338  369
  396  418  441  472  515  566  614  652  679
    20.0-180.0 180.0   5.0 450.0                            LAT/LON1/LON2/DLON/H
  779  806  813  799  765  721  680  642  607  571  531  490  450  412  375  348
  332  319  299  273  246  231  239  270  302  321  332  351  378  405  418  407
  375  333  295  271  263  259  250  236  224  215  205  187  161  135  116  105
   98   90   81   73   70   76   91  116  153  195  237  273  302  332  368  408
  443  471  497  532  578  632  688  738  779
    17.5-180.0 180.0   5.0 450.0                            LAT/LON1/LON2/DLON/H
  858  895  911  902  874  836  803  772  739  696  644  586  528  471  419  377
  349  329  305  282  267  271  303  353  392  400  394  397  414  431  437  422
  387  343  306  284  276  271  261  248  236  228  215  194  167  140  121  108
  100   91   80   70   66   70   88  117  156  203  248  287  321  356  399  445
  486  520  551  588  633  688  748  806  858
    15.0-180.0 180.0   5.0 450.0                            LAT/LON1/LON2/DLON/H
  898  943  967  966  949  927  912  899  877  837  777  703  627  553  484  427
  387  357  331  315  314  339  390  452  488  477  445  427  428  436  435  418
  382  338  305  287  280  275  265  254  245  236  222  201  174  147  128  114
  104   93   80   69   64   70   88  120  162  210  259  302  339  378  425  475
  521  560  595  632  676  725  780  840  898
    12.5-180.0 180.0   5.0 450.0                            LAT/LON1/LON2/DLON/H
  890  936  965  975  973  972  982  996  994  965  906  824  737  651  570  501
  449  410  383  374  389  428  489  550  570  533  474  434  420  419  415  398
  365  326  298  286  281  274  263  255  249  241  228  207  181  156  136  121
  109   96   83   70   66   72   93  126  170  219  269  314  354  396  444  496
  545  586  624  662  701  741  785  836  890
    10.0-180.0 180.0   5.0 450.0                            LAT/LON1/LON2/DLON/H
  846  883  910  925  938  959  999 1042 1065 1054 1004  925  837  750  666  592
  534  490  463  460  485  530  585  627  620  555  473  417  393  388  385  374
  347  314  294  287  282  271  260  253  249  242  230  211  188  165  144  127
  113  100   87   76   72   79  101  136  180  229  278  323  364  407  454  506
  554  598  638  675  708  738  769  805  846
     7.5-180.0 180.0   5.0 450.0                            LAT/LON1/LON2/DLON/H
  782  805  823  838  857  894  955 1024 1074 1085 1052  986  908  831  755  686
  628  584  559  563  591  629  662  670  628  537  441  379  355  352  358  357
  340  315  299  293  284  269  256  249  246  241  229  213  193  172  150  131
  117  105   94   84   82   91  114  149  192  238  284  328  369  410  454  502
  549  593  635  673  702  722  739  759  782
     5.0-180.0 180.0   5.0 450.0                            LAT/LON1/LON2/DLON/H
  721  728  735  743  762  803  872  953 1018 1049 1037  993  936  878  820  764
  714  676  655  662  687  708  707  672  593  483  385  330  316  324  343  356
  351  333  319  309  292  270  254  246  242  236  226  212  196  176  155  135
  119  109  102   95   95  105  129  164  204  246  288  329  368  407  448  491
  533  576  619  657  685  701  709  714  721
     2.5-180.0 180.0   5.0 450.0                            LAT/LON1/LON2/DLON/H
  681  676  671  671  683  720  784  860  926  963  967  946  915  882  848  812
  777  747  732  740  756  752  712  634  525  405  317  281  286  314  350  378
  384  372  354  333  305  274  252  241  235  228  219  207  193  176  156  136
  123  115  111  108  108  120  143  178  215  253  290  327  364  399  436  473
  511  551  594  634  663  681  686  686  681
