GPS-project/datasets/gim/jplg1090.23i
     1.0            IONOSPHERE MAPS     GPS                 IONEX VERSION / TYPE
GIM V3.0            JPL - GNISD         22-apr-2023 01:00   PGM / RUN BY / DATE 
JPL'S GLOBAL IONOSPHERE MAPS YEAR 2023 DAY 109              COMMENT             
Global Ionospheric Maps (GIM) are generated on an hourly    DESCRIPTION         
and daily basis at JPL using data from up to 100 GPS sites  DESCRIPTION         
of the IGS and others institutions.                         DESCRIPTION         
The vertical TEC is modeled in a solar-geomagnetic          DESCRIPTION         
reference frame using bi-cubic splines on a spherical grid. DESCRIPTION         
A Kalman filter is used to solve simultaneously for         DESCRIPTION         
instrumental biases and VTEC on the grid (as stochastic     DESCRIPTION         
parameters).                                                DESCRIPTION         
Contact Address:  gpsiono@cobra.jpl.nasa.gov .              DESCRIPTION         
  2023     4    19     0     0     0                        EPOCH OF FIRST MAP  
  2023     4    20     0     0     0                        EPOCH OF LAST MAP   
  7200                                                      INTERVAL            
    13                                                      # OF MAPS IN FILE   
  NONE                                                      MAPPING FUNCTION    
    10.0                                                    ELEVATION CUTOFF    
One-way carrier phase leveled to code                       OBSERVABLES USED    
   170                                                      # OF STATIONS       
  6371.0                                                    BASE RADIUS         
     2                                                      MAP DIMENSION       
   450.0 450.0   0.0                                        HGT1 / HGT2 / DHGT  
    87.5 -87.5  -2.5                                        LAT1 / LAT2 / DLAT  
  -180.0 180.0   5.0                                        LON1 / LON2 / DLON  
    -1                                                      EXPONENT            
TEC/RMS values in 0.1 TECU; 9999, if no value available     COMMENT             
                                                            END OF HEADER       
[from data line 4290]
    11                                                      START OF TEC MAP    
  2023     4    19    20     0     0                        EPOCH OF CURRENT MAP
    87.5-180.0 180.0   5.0 450.0                            LAT/LON1/LON2/DLON/H
  171  172  173  173  174  175  176  177  178  178  179  180  180  181  182  182
  183  183  183  184  184  184  184  184  184  184  184  184  183  183  182  182
  182  181  180  180  179  178  178  177  176  175  175  174  173  172  172  171
  170  170  169  168  168  167  167  167  166  166  166  166  166  166  166  166
  166  167  167  168  168  169  169  170  171
    85.0-180.0 180.0   5.0 450.0                            LAT/LON1/LON2/DLON/H
  164  166  168  169  171  173  174  176  178  179  180  182  183  184  185  186
  186  187  188  188  188  188  188  188  188  188  187  186  186  185  184  183
  182  181  179  178  177  176  174  173  171  170  168  167  166  164  163  162
  161  160  158  157  157  156  155  154  154  153  153  153  152  153  153  153
  154  155  156  157  158  159  161  162  164
    82.5-180.0 180.0   5.0 450.0                            LAT/LON1/LON2/DLON/H
  159  161  164  167  169  171  174  176  178  180  182  183  185  186  188  189
  190  191  192  192  192  192  192  191  190  189  188  186  185  183  181  180
  178  176  175  173  171  169  167  165  163  161  159  157  155  154  152  150
  149  148  146  145  144  143  142  141  140  140  139  139  139  139  140  141
  142  143  145  147  149  151  154  156  159
    80.0-180.0 180.0   5.0 450.0                            LAT/LON1/LON2/DLON/H
  156  159  162  165  168  171  173  175  178  180  182  184  186  189  191  193
  194  196  197  197  197  196  195  194  192  189  187  184  182  179  177  175
  173  170  168  166  164  161  159  156  154  151  149  146  144  142  140  139
  137  136  135  134  132  131  131  130  129  128  128  128  128  128  129  131
  133  135  137  140  143  146  150  153  156
    77.5-180.0 180.0   5.0 450.0                            LAT/LON1/LON2/DLON/H
  156  159  162  165  167  170  172  174  177  179  182  185  188  191  195  198
  200  202  204  205  204  203  201  198  194  190  187  183  179  176  173  170
  167  165  162  160  157  154  151  148  145  142  139  136  134  132  130  129
  128  126  125  125  124  123  122  121  120  120  120  120  120  122  123  126
  128  132  135  139  142  146  149  153  156
    75.0-180.0 180.0   5.0 450.0                            LAT/LON1/LON2/DLON/H
  158  160  163  165  167  169  171  173  175  178  181  185  189  194  199  204
  208  211  213  214  214  212  209  204  199  194  188  183  178  174  171  168
  165  162  160  157  153  150  146  142  139  135  132  129  127  125  124  123
  122  121  120  119  118  117  116  116  115  114  115  115  117  119  122  126
  130  134  139  143  147  150  153  155  158
    72.5-180.0 180.0   5.0 450.0                            LAT/LON1/LON2/DLON/H
  162  164  165  166  168  169  170  172  174  176  180  185  190  196  203  209
  215  220  223  225  224  222  218  213  206  199  192  186  180  176  172  170
  167  165  162  158  154  150  146  141  137  133  129  126  124  123  121  121
  120  119  118  117  116  114  113  111  110  110  111  112  114  118  123  129
  135  141  146  151  155  157  159  161  162
    70.0-180.0 180.0   5.0 450.0                            LAT/LON1/LON2/DLON/H
  168  168  169  170  170  170  171  171  173  175  178  183  189  197  205  213
  221  227  231  233  233  231  227  221  214  205  198  191  186  182  179  176
  174  172  168  164  159  154  150  145  140  136  132  128  126  124  123  122
  121  119  118  116  113  111  108  106  105  105  105  107  111  116  123  131
  139  147  154  160  163  165  167  167  168
    67.5-180.0 180.0   5.0 450.0                            LAT/LON1/LON2/DLON/H
  175  175  175  175  175  174  173  172  172  174  177  181  188  196  205  214
  222  229  234  237  238  237  235  229  222  214  206  200  195  192  189  187
  185  181  177  172  167  162  157  152  148  143  139  134  131  128  126  124
  122  120  117  114  110  106  102   99   97   96   97  100  104  111  120  130
  141  151  160  166  170  173  174  175  175
    65.0-180.0 180.0   5.0 450.0                            LAT/LON1/LON2/DLON/H
  182  183  183  182  182  180  178  176  174  174  175  179  185  193  202  211
  220  227  233  237  239  241  240  236  230  223  216  211  207  204  202  200
  197  193  187  181  175  170  166  162  158  154  149  143  138  133  129  126
  122  119  115  110  104   98   93   88   85   84   85   88   93  101  112  124
  136  149  160  168  175  179  181  182  182
    62.5-180.0 180.0   5.0 450.0                            LAT/LON1/LON2/DLON/H
  191  192  191  191  190  188  184  181  178  175  175  177  182  189  197  207
  215  223  229  234  239  242  243  242  238  233  228  224  221  219  217  214
  210  204  197  189  182  177  174  173  170  166  161  154  146  139  132  126
  121  116  110  104   97   89   82   77   73   71   72   75   81   89  101  114
  128  142  155  166  175  182  187  190  191
    60.0-180.0 180.0   5.0 450.0                            LAT/LON1/LON2/DLON/H
  200  201  201  200  199  196  192  188  183  179  177  177  180  185  192  201
  210  218  225  232  238  244  248  249  248  245  242  240  238  236  233  229
  223  214  204  195  187  183  182  182  182  179  173  164  155  144  134  126
  119  113  107  100   92   83   75   69   65   63   63   66   72   80   91  104
  119  134  148  162  175  185  193  198  200
    57.5-180.0 180.0   5.0 450.0                            LAT/LON1/LON2/DLON/H
  210  210  209  209  208  205  201  196  190  185  181  179  179  182  188  197
  206  215  224  232  241  249  256  259  260  260  259  258  256  254  249  243
  234  223  211  200  192  189  189  191  193  190  184  175  163  150  138  127
  119  112  106  100   92   83   76   69   65   64   64   66   70   78   88  100
  114  129  145  161  176  190  201  207  210
    55.0-180.0 180.0   5.0 450.0                            LAT/LON1/LON2/DLON/H
  221  220  219  218  217  215  211  205  199  193  188  184  182  183  188  196
  206  217  228  239  250  260  267  273  277  279  281  280  277  272  265  256
  244  231  217  205  197  195  197  201  203  201  195  185  173  158  145  133
  124  118  113  108  101   93   87   81   78   77   77   78   81   86   95  105
  118  132  148  165  182  198  211  218  221
    52.5-180.0 180.0   5.0 450.0                            LAT/LON1/LON2/DLON/H
  234  232  230  229  228  226  222  216  210  204  199  195  191  190  193  201
  212  225  238  252  264  276  284  291  297  302  304  304  299  291  280  267
  252  237  222  210  204  203  207  211  213  212  206  196  184  169  156  144
  137  132  129  125  120  114  108  105  103  102  101  100  102  106  112  121
  133  146  160  177  194  210  224  232  234
    50.0-180.0 180.0   5.0 450.0                            LAT/LON1/LON2/DLON/H
  249  248  246  244  243  241  236  230  225  221  218  213  209  206  208  215
  227  241  255  270  284  296  305  312  319  325  328  327  319  307  292  275
  258  240  226  215  211  213  217  221  223  222  217  208  197  184  172  163
  157  154  152  149  145  140  136  134  133  132  130  128  128  130  136  144
  155  167  181  196  212  227  240  247  249
    47.5-180.0 180.0   5.0 450.0                            LAT/LON1/LON2/DLON/H
  270  269  267  266  264  261  256  250  246  245  244  242  238  234  235  241
  252  265  279  293  307  319  328  335  342  347  350  346  335  319  300  279
  259  242  229  221  220  223  228  232  234  232  228  221  212  202  192  185
  181  178  177  174  170  167  164  163  163  161  158  155  153  154  159  168
  180  194  207  221  234  248  259  267  270
    45.0-180.0 180.0   5.0 450.0                            LAT/LON1/LON2/DLON/H
  294  295  295  294  293  289  284  279  277  279  281  281  278  275  274  279
  288  298  309  320  333  343  351  357  363  367  367  360  345  325  302  280
  261  245  234  229  231  235  240  243  243  242  239  234  227  219  212  207
  204  201  199  196  192  189  187  187  187  185  180  175  172  173  178  189
  205  221  236  249  260  271  282  290  294
    42.5-180.0 180.0   5.0 450.0                            LAT/LON1/LON2/DLON/H
  323  326  328  329  329  326  322  318  319  323  329  331  329  326  325  328
  334  339  344  351  360  368  374  378  381  383  379  368  350  328  305  284
  266  252  244  242  245  249  252  252  252  251  250  247  242  235  230  225
  221  218  214  209  204  201  201  202  201  198  192  185  181  182  189  204
  225  247  266  279  289  298  307  316  323
    40.0-180.0 180.0   5.0 450.0                            LAT/LON1/LON2/DLON/H
  354  361  366  369  370  369  368  368  372  380  388  391  390  386  384  385
  386  385  383  384  389  394  397  399  399  397  390  377  358  335  313  294
  280  269  263  262  264  266  265  262  260  260  260  258  254  248  241  235
  230  225  218  212  207  207  209  210  209  205  198  191  186  186  194  213
  241  271  295  310  319  327  336  345  354
    37.5-180.0 180.0   5.0 450.0                            LAT/LON1/LON2/DLON/H
  388  397  404  409  413  416  419  424  433  445  456  461  458  452  448  446
  442  435  427  423  422  423  422  421  418  414  406  392  373  351  332  318
  309  301  295  291  289  286  281  274  270  270  271  269  263  255  246  238
  231  225  219  213  209  211  216  219  218  213  206  198  192  192  201  223
  258  294  323  341  351  359  367  377  388
    35.0-180.0 180.0   5.0 450.0                            LAT/LON1/LON2/DLON/H
  422  433  441  448  454  461  469  481  496  514  528  534  531  523  515  509
  500  488  475  466  462  456  450  445  440  435  429  418  401  381  367  360
  355  347  337  327  320  312  301  290  283  282  282  279  271  261  249  238
  231  226  221  217  216  220  228  232  232  228  221  214  208  206  215  239
  277  319  351  371  383  391  399  410  422
    32.5-180.0 180.0   5.0 450.0                            LAT/LON1/LON2/DLON/H
  454  466  476  484  491  501  515  533  555  579  599  608  604  594  583  572
  559  543  528  516  508  496  483  473  467  465  463  458  445  429  418  416
  413  402  385  368  354  341  326  310  300  297  295  290  282  269  255  241
  235  233  232  232  234  242  251  256  257  254  250  245  239  236  242  265
  303  345  379  400  412  420  429  440  454
    30.0-180.0 180.0   5.0 450.0                            LAT/LON1/LON2/DLON/H
  481  495  507  516  524  535  552  574  603  635  662  675  674  663  650  635
  618  600  583  571  560  542  520  506  500  502  507  510  501  487  480  480
  476  460  434  409  390  373  355  335  321  314  310  305  298  285  268  253
  247  251  258  263  269  277  285  290  290  289  289  287  282  278  282  301
  335  373  404  424  437  445  454  466  481
    27.5-180.0 180.0   5.0 450.0                            LAT/LON1/LON2/DLON/H
  502  519  534  545  555  566  582  606  638  678  713  734  736  728  714  697
  677  656  639  627  614  590  563  544  539  546  558  567  562  551  546  546
  539  515  479  446  423  405  384  360  342  333  328  325  322  313  295  276
  273  284  297  306  313  319  323  325  325  326  329  330  327  323  325  340
  368  400  427  444  455  463  471  485  502
    25.0-180.0 180.0   5.0 450.0                            LAT/LON1/LON2/DLON/H
  516  537  557  573  585  596  610  633  666  711  753  780  790  787  776  759
  736  712  692  678  665  639  609  588  585  595  613  625  623  615  612  610
  595  561  515  474  448  429  407  381  361  350  347  350  357  355  335  312
  309  325  343  355  359  359  356  353  352  354  360  365  364  361  362  374
  396  422  444  459  468  475  483  496  516
    22.5-180.0 180.0   5.0 450.0                            LAT/LON1/LON2/DLON/H
  525  551  579  603  619  629  641  661  694  741  789  821  837  841  836  820
  795  766  740  722  708  686  658  639  638  650  668  679  676  671  672  667
  642  595  538  489  459  441  419  392  372  364  366  380  399  405  384  356
  351  370  390  400  399  390  376  366  362  365  373  380  382  381  384  395
  413  435  454  467  476  482  490  503  525
    20.0-180.0 180.0   5.0 450.0                            LAT/LON1/LON2/DLON/H
  535  566  602  635  657  669  680  697  730  778  827  862  882  892  893  880
  853  817  780  754  742  729  711  697  697  708  721  726  720  719  723  715
  678  617  548  489  454  434  413  389  374  373  385  410  442  456  436  404
  397  414  432  435  424  402  376  357  352  355  361  369  373  377  384  396
  415  436  456  470  480  488  496  511  535
    17.5-180.0 180.0   5.0 450.0                            LAT/LON1/LON2/DLON/H
  550  585  628  670  699  714  726  746  778  827  875  908  928  942  948  938
  909  865  817  781  771  770  765  759  761  766  771  765  754  755  763  751
  702  626  543  472  428  405  389  375  373  384  407  442  482  502  484  453
  444  456  464  457  433  397  358  332  326  328  333  339  346  355  366  381
  402  427  450  468  481  493  506  523  550
    15.0-180.0 180.0   5.0 450.0                            LAT/LON1/LON2/DLON/H
  575  613  661  708  740  759  775  799  837  889  936  963  978  992 1001  993
  962  912  853  809  800  812  821  823  824  822  815  797  779  779  788  771
  711  619  521  439  387  366  359  361  374  400  433  474  517  537  521  496
  487  490  486  465  430  380  330  300  293  296  298  302  311  323  338  357
  381  409  438  461  481  501  521  545  575
    12.5-180.0 180.0   5.0 450.0                            LAT/LON1/LON2/DLON/H
  612  653  700  746  778  798  818  849  894  952 1001 1023 1031 1042 1051 1044
 1012  958  892  843  837  859  879  886  883  871  851  821  795  791  797  775
  706  602  494  404  349  331  337  356  388  429  470  509  543  557  546  530
  522  515  496  463  416  358  302  269  262  265  265  267  276  292  310  330
  355  387  421  451  479  510  542  576  612
    10.0-180.0 180.0   5.0 450.0                            LAT/LON1/LON2/DLON/H
  657  700  744  783  807  825  848  885  938 1003 1054 1073 1076 1085 1094 1088
 1058 1006  939  890  885  912  937  945  934  910  876  835  802  793  792  766
  694  586  474  383  330  318  336  373  423  474  515  545  562  564  555  549
  545  528  495  450  396  335  278  247  243  246  243  243  253  271  289  308
  332  364  401  438  477  520  566  612  657
     7.5-180.0 180.0   5.0 450.0                            LAT/LON1/LON2/DLON/H
  703  749  788  815  828  836  856  895  955 1027 1083 1103 1105 1113 1123 1121
 1096 1050  991  946  944  970  993  996  976  938  893  844  805  788  780  752
  683  580  474  392  346  343  371  418  476  529  562  574  571  558  549  551
  548  523  479  428  372  314  264  238  235  238  234  232  243  262  279  293
  312  341  379  423  472  529  589  648  703
     5.0-180.0 180.0   5.0 450.0                            LAT/LON1/LON2/DLON/H
  744  794  829  846  844  839  848  880  938 1011 1073 1101 1108 1119 1133 1136
 1120 1085 1038 1003 1002 1024 1042 1037 1006  957  902  849  806  782  768  740
  681  594  508  443  409  409  435  479  534  580  598  590  567  541  530  535
  531  499  449  397  345  295  255  236  235  237  232  230  242  261  275  285
  297  320  356  406  466  536  610  681  744
     2.5-180.0 180.0   5.0 450.0                            LAT/LON1/LON2/DLON/H
  775  831  865  875  861  841  835  853  897  962 1023 1060 1078 1096 1116 1128
 1125 1104 1073 1049 1051 1066 1076 1064 1025  968  909  854  809  780  760  737
  695  635  576  529  501  494  509  539  582  613  613  584  544  510  497  501
  495  460  410  360  315  276  248  235  236  237  232  230  243  261  273  278
  284  300  335  389  458  539  623  704  775
