GPS-project/datasets/gim/jplg0980.23i
     1.0            IONOSPHERE MAPS     GPS                 IONEX VERSION / TYPE
GIM V3.0            JPL - GNISD         11-apr-2023 00:58   PGM / RUN BY / DATE 
JPL'S GLOBAL IONOSPHERE MAPS YEAR 2023 DAY 098              COMMENT             
Global Ionospheric Maps (GIM) are generated on an hourly    DESCRIPTION         
and daily basis at JPL using data from up to 100 GPS sites  DESCRIPTION         
of the IGS and others institutions.                         DESCRIPTION         
The vertical TEC is modeled in a solar-geomagnetic          DESCRIPTION         
reference frame using bi-cubic splines on a spherical grid. DESCRIPTION         
A Kalman filter is used to solve simultaneously for         DESCRIPTION         
instrumental biases and VTEC on the grid (as stochastic     DESCRIPTION         
parameters).                                                DESCRIPTION         
Contact Address:  gpsiono@cobra.jpl.nasa.gov .              DESCRIPTION         
  2023     4     8     0     0     0                        EPOCH OF FIRST MAP  
  2023     4     9     0     0     0                        EPOCH OF LAST MAP   
  7200                                                      INTERVAL            
    13                                                      # OF MAPS IN FILE   
  NONE                                                      MAPPING FUNCTION    
    10.0                                                    ELEVATION CUTOFF    
One-way carrier phase leveled to code                       OBSERVABLES USED    
   170                                                      # OF STATIONS       
  6371.0                                                    BASE RADIUS         
     2                                                      MAP DIMENSION       
   450.0 450.0   0.0                                        HGT1 / HGT2 / DHGT  
    87.5 -87.5  -2.5                                        LAT1 / LAT2 / DLAT  
  -180.0 180.0   5.0                                        LON1 / LON2 / DLON  
    -1                                                      EXPONENT            
TEC/RMS values in 0.1 TECU; 9999, if no value available     COMMENT             
                                                            END OF HEADER       
[from data line 4719]
    12                                                      START OF TEC MAP    
  2023     4     8    22     0     0                        EPOCH OF CURRENT MAP
    87.5-180.0 180.0   5.0 450.0                            LAT/LON1/LON2/DLON/H
  210  210  210  211  211  212  212  213  213  214  214  215  215  215  216  216
  216  216  216  216  216  216  215  215  215  214  213  213  212  211  210  210
  209  208  207  206  206  205  204  204  203  203  202  202  202  202  201  201
  201  201  202  202  202  202  202  203  203  203  204  204  205  205  205  206
  206  207  207  207  208  208  209  209  210
    85.0-180.0 180.0   5.0 450.0                            LAT/LON1/LON2/DLON/H
  213  214  214  215  216  217  218  219  220  222  223  224  226  227  228  228
  229  230  230  230  229  229  228  227  226  224  223  221  219  217  215  213
  211  209  208  206  204  202  201  200  199  198  197  197  197  196  196  197
  197  197  198  198  199  199  200  201  202  203  204  204  205  206  207  208
  208  209  210  210  211  211  212  212  213
    82.5-180.0 180.0   5.0 450.0                            LAT/LON1/LON2/DLON/H
  217  217  218  219  221  222  224  226  228  231  233  235  238  240  242  243
  244  245  245  245  244  243  242  240  238  235  232  229  226  223  220  216
  213  210  206  203  201  198  196  195  193  192  191  191  190  190  190  191
  191  192  193  194  195  196  197  199  200  202  203  205  206  208  209  210
  211  212  213  214  214  215  215  216  217
    80.0-180.0 180.0   5.0 450.0                            LAT/LON1/LON2/DLON/H
  219  220  221  223  224  227  229  232  236  239  243  247  250  254  257  259
  260  261  261  261  259  257  254  251  248  243  239  235  230  225  221  216
  211  207  202  198  195  192  189  187  185  184  183  183  182  182  183  183
  184  184  185  186  187  189  191  192  195  197  199  202  204  207  209  211
  212  214  215  216  216  217  218  218  219
    77.5-180.0 180.0   5.0 450.0                            LAT/LON1/LON2/DLON/H
  219  221  222  224  227  229  233  237  241  246  252  257  262  266  270  273
  275  276  276  274  271  268  263  258  253  247  242  236  230  225  219  213
  208  202  196  191  186  182  179  176  174  173  173  173  173  173  173  173
  173  173  173  173  174  175  177  180  183  186  189  193  197  200  204  207
  210  212  214  215  216  217  217  218  219
    75.0-180.0 180.0   5.0 450.0                            LAT/LON1/LON2/DLON/H
  217  219  221  224  227  230  234  239  245  251  257  264  271  276  281  285
  287  287  286  283  279  274  267  261  254  247  240  234  228  222  216  210
  203  197  190  183  177  172  168  165  162  161  161  161  161  161  161  160
  158  157  156  155  155  156  158  161  164  169  174  179  184  190  195  199
  203  206  208  210  211  213  214  215  217
    72.5-180.0 180.0   5.0 450.0                            LAT/LON1/LON2/DLON/H
  212  215  218  221  225  229  234  239  245  252  260  268  275  282  287  291
  293  294  292  288  283  277  269  261  253  245  238  231  225  219  213  207
  200  193  185  177  170  163  157  153  150  149  148  148  149  148  147  145
  142  139  136  133  132  133  135  138  143  149  156  163  170  178  184  190
  195  199  201  203  205  206  208  210  212
    70.0-180.0 180.0   5.0 450.0                            LAT/LON1/LON2/DLON/H
  208  211  214  218  222  227  232  238  244  252  260  268  275  282  288  292
  295  295  294  291  285  278  270  261  253  245  237  230  224  219  213  207
  200  192  183  173  164  155  148  142  139  137  136  136  136  136  134  131
  126  121  116  112  110  110  112  116  122  130  139  149  158  168  176  183
  189  194  196  198  200  201  203  205  208
    67.5-180.0 180.0   5.0 450.0                            LAT/LON1/LON2/DLON/H
  206  209  213  216  221  225  231  237  244  251  259  266  272  278  283  287
  291  293  293  291  286  280  273  265  256  248  241  235  229  223  217  210
  202  192  182  171  159  149  140  134  129  127  126  125  125  124  122  118
  112  106   99   93   90   90   92   97  105  115  127  139  151  163  173  182
  189  194  197  199  200  200  202  203  206
    65.0-180.0 180.0   5.0 450.0                            LAT/LON1/LON2/DLON/H
  210  212  215  218  222  226  232  238  246  252  259  264  268  272  276  280
  284  287  290  290  288  284  279  272  265  258  251  245  238  232  224  216
  206  195  182  169  156  144  134  127  122  119  117  117  116  115  113  108
  101   94   86   80   76   75   79   85   95  107  121  136  151  165  178  190
  198  204  208  209  209  209  208  209  210
    62.5-180.0 180.0   5.0 450.0                            LAT/LON1/LON2/DLON/H
  223  223  224  225  228  232  238  244  252  258  262  264  265  266  268  271
  276  281  286  289  290  289  287  283  277  271  265  258  251  243  233  223
  211  197  183  168  154  141  130  122  117  113  111  111  110  108  106  101
   94   86   79   72   68   68   72   79   90  105  122  140  158  175  190  204
  215  224  229  231  231  229  226  224  223
    60.0-180.0 180.0   5.0 450.0                            LAT/LON1/LON2/DLON/H
  245  242  240  240  241  244  249  255  262  267  269  268  265  263  262  264
  268  275  281  288  293  296  296  295  291  286  280  272  264  254  243  229
  215  199  183  166  151  138  128  120  115  111  109  107  106  104  102   97
   91   84   76   70   67   67   71   80   92  109  128  148  169  188  206  223
  237  248  256  260  261  258  254  249  245
    57.5-180.0 180.0   5.0 450.0                            LAT/LON1/LON2/DLON/H
  276  270  266  263  262  263  266  270  275  278  278  274  268  262  258  258
  262  268  277  286  295  302  306  307  304  300  294  286  276  264  250  234
  217  199  182  165  150  137  128  121  116  113  110  108  106  104  101   97
   92   86   79   74   72   73   78   86  100  117  138  160  182  204  223  242
  258  273  284  291  294  292  287  282  276
    55.0-180.0 180.0   5.0 450.0                            LAT/LON1/LON2/DLON/H
  310  304  298  293  290  287  287  287  288  289  287  281  273  264  257  254
  256  263  273  285  296  306  313  316  315  311  304  296  284  271  255  237
  218  199  180  164  149  138  130  125  121  118  115  112  109  107  105  102
   98   93   88   84   84   86   91   99  112  130  151  174  197  218  239  258
  276  293  308  319  325  326  323  317  310
    52.5-180.0 180.0   5.0 450.0                            LAT/LON1/LON2/DLON/H
  346  340  333  327  322  317  310  303  299  296  293  287  277  267  258  253
  254  260  270  284  297  310  319  323  323  319  312  302  290  274  256  237
  217  197  179  163  151  142  136  132  130  127  123  119  116  114  113  112
  109  105  102  100  101  104  109  116  128  145  166  189  211  231  251  269
  287  305  323  338  349  355  355  351  346
    50.0-180.0 180.0   5.0 450.0                            LAT/LON1/LON2/DLON/H
  380  375  369  364  357  348  334  319  307  300  296  291  283  272  262  256
  254  260  271  285  300  314  324  329  329  325  317  306  292  274  255  234
  213  194  177  163  154  148  144  141  139  137  134  130  127  126  127  127
  126  122  120  119  121  125  129  135  144  160  179  201  222  241  259  275
  292  310  329  348  364  375  381  382  380
    47.5-180.0 180.0   5.0 450.0                            LAT/LON1/LON2/DLON/H
  409  408  405  400  393  379  359  335  316  305  300  295  288  279  269  262
  260  265  275  290  305  320  331  336  336  331  321  308  291  271  249  228
  207  189  175  165  158  155  153  151  150  148  145  143  141  142  145  146
  145  142  139  140  142  146  148  152  159  171  189  209  229  247  263  278
  294  311  331  353  374  390  401  407  409
    45.0-180.0 180.0   5.0 450.0                            LAT/LON1/LON2/DLON/H
  436  438  438  435  427  412  387  357  331  315  308  304  298  290  281  274
  272  277  287  300  315  329  339  345  344  337  326  309  289  265  242  220
  201  186  175  169  166  164  162  160  159  158  157  156  157  160  163  165
  163  160  157  158  160  163  164  164  168  177  192  211  230  248  265  280
  295  311  332  356  381  403  419  430  436
    42.5-180.0 180.0   5.0 450.0                            LAT/LON1/LON2/DLON/H
  461  466  469  468  461  446  420  388  357  338  327  321  315  307  299  293
  291  295  305  318  331  343  352  356  354  345  330  310  285  259  234  214
  198  187  180  177  177  175  171  168  167  168  170  171  173  177  180  181
  179  174  171  171  173  174  173  170  170  176  188  206  226  246  264  281
  297  315  336  362  390  415  435  450  461
    40.0-180.0 180.0   5.0 450.0                            LAT/LON1/LON2/DLON/H
  484  493  498  499  494  482  460  431  401  377  362  351  341  332  324  317
  315  319  328  340  351  360  367  369  365  354  335  311  283  255  230  212
  200  194  192  193  193  190  184  179  178  181  184  186  188  192  194  193
  188  183  179  179  180  179  175  169  166  169  179  196  217  241  263  284
  303  323  346  373  401  429  452  470  484
    37.5-180.0 180.0   5.0 450.0                            LAT/LON1/LON2/DLON/H
  507  519  527  529  526  518  505  484  458  433  412  395  379  365  355  347
  343  346  354  363  371  377  381  381  375  361  340  313  283  255  233  219
  212  211  212  216  217  213  204  197  196  199  202  203  204  204  203  198
  192  186  184  183  183  180  174  165  158  158  167  184  208  235  263  288
  311  334  359  387  416  445  469  490  507
    35.0-180.0 180.0   5.0 450.0                            LAT/LON1/LON2/DLON/H
  529  544  554  557  556  555  552  543  523  499  475  450  427  407  392  381
  374  374  379  385  389  391  391  389  381  365  342  315  287  263  246  238
  236  238  242  246  248  244  236  228  225  226  226  223  219  216  210  203
  194  189  186  186  184  179  170  158  149  147  154  173  200  231  263  293
  321  347  373  402  432  461  487  509  529
    32.5-180.0 180.0   5.0 450.0                            LAT/LON1/LON2/DLON/H
  549  568  580  584  584  588  598  601  591  569  542  512  482  456  436  419
  407  401  401  402  402  400  397  392  381  364  342  318  296  278  268  266
  269  274  280  284  287  286  282  276  270  265  258  248  239  230  221  210
  200  193  190  188  184  177  165  151  141  137  145  165  196  230  266  299
  330  359  387  416  446  475  502  527  549
    30.0-180.0 180.0   5.0 450.0                            LAT/LON1/LON2/DLON/H
  566  590  605  609  610  619  638  653  653  637  610  576  541  510  485  463
  444  430  422  416  410  404  398  389  378  361  342  324  309  301  299  304
  311  319  324  328  331  337  342  338  327  312  296  279  264  251  239  226
  214  204  198  192  185  175  161  146  134  130  139  162  196  233  270  306
  338  368  397  426  456  485  513  540  566
    27.5-180.0 180.0   5.0 450.0                            LAT/LON1/LON2/DLON/H
  580  609  628  634  636  649  675  699  707  697  673  640  603  569  539  512
  486  464  445  430  418  408  399  388  376  361  347  336  331  332  338  348
  360  369  374  375  379  391  404  403  385  361  337  315  297  281  267  252
  237  223  210  199  188  174  157  141  128  125  136  162  198  238  277  312
  345  375  404  432  461  490  520  549  580
    25.0-180.0 180.0   5.0 450.0                            LAT/LON1/LON2/DLON/H
  589  624  650  661  667  682  712  742  756  752  732  701  665  631  599  569
  538  505  475  449  429  415  405  395  383  371  363  360  363  370  383  398
  412  422  424  420  421  436  455  454  432  402  375  354  337  321  304  287
  268  247  225  206  190  173  155  137  125  122  135  163  201  243  283  320
  352  381  409  436  464  492  522  554  589
    22.5-180.0 180.0   5.0 450.0                            LAT/LON1/LON2/DLON/H
  597  638  672  693  705  723  753  784  802  803  788  762  729  697  666  636
  600  557  515  477  448  431  422  414  405  398  396  399  407  418  432  448
  462  469  467  455  448  461  479  478  453  424  404  392  380  363  343  323
  299  270  240  213  192  173  153  135  123  121  134  163  203  248  291  328
  359  387  414  440  467  494  524  558  597
    20.0-180.0 180.0   5.0 450.0                            LAT/LON1/LON2/DLON/H
  604  651  695  729  752  774  800  829  849  855  846  825  797  768  740  711
  673  622  566  516  479  460  454  451  447  444  447  453  460  468  478  490
  498  500  491  470  453  456  466  460  440  424  420  422  417  401  377  353
  325  290  251  217  193  172  153  135  123  121  133  162  203  251  297  336
  367  395  421  447  473  500  529  563  604
    17.5-180.0 180.0   5.0 450.0                            LAT/LON1/LON2/DLON/H
  615  665  718  766  802  828  851  878  900  910  907  892  871  847  822  795
  755  696  629  567  521  500  499  502  502  502  505  509  510  509  509  511
  510  504  486  456  426  416  415  408  401  406  422  439  442  425  398  370
  339  300  256  218  192  172  153  137  125  122  133  160  201  252  303  345
  377  404  431  457  484  512  540  573  615
    15.0-180.0 180.0   5.0 450.0                            LAT/LON1/LON2/DLON/H
  631  682  740  798  846  876  898  924  951  968  972  965  952  933  910  884
  842  776  700  628  574  550  552  559  561  560  560  557  546  530  515  503
  488  470  445  410  375  355  347  343  351  377  412  439  447  429  399  370
  340  300  255  216  190  171  154  140  129  124  132  157  198  252  307  352
  386  415  443  471  502  531  559  591  631
    12.5-180.0 180.0   5.0 450.0                            LAT/LON1/LON2/DLON/H
  652  701  758  820  874  908  931  959  993 1020 1034 1039 1037 1025 1005  976
  931  861  778  699  637  608  609  616  615  608  599  583  555  520  487  457
  429  404  379  348  316  295  284  285  308  349  392  422  429  411  382  356
  329  293  250  213  188  171  157  144  133  127  133  155  195  250  309  358
  394  425  455  487  521  554  584  614  652
    10.0-180.0 180.0   5.0 450.0                            LAT/LON1/LON2/DLON/H
  675  719  769  825  879  916  943  977 1018 1055 1081 1100 1113 1112 1095 1066
 1018  946  862  778  710  673  665  665  656  638  613  578  532  480  431  390
  355  330  312  292  269  253  248  259  293  335  371  394  398  381  355  332
  310  279  241  209  187  172  161  150  139  132  134  153  191  247  308  359
  399  433  466  501  540  577  609  639  675
     7.5-180.0 180.0   5.0 450.0                            LAT/LON1/LON2/DLON/H
  697  735  775  818  861  897  929  969 1017 1063 1101 1135 1164 1176 1166 1138
 1091 1023  941  859  786  738  717  705  683  649  606  554  492  429  374  329
  294  274  268  263  254  249  256  278  310  338  355  365  364  347  324  305
  287  262  231  205  187  175  165  156  145  136  136  152  188  242  304  357
  400  438  474  512  553  594  629  661  697
     5.0-180.0 180.0   5.0 450.0                            LAT/LON1/LON2/DLON/H
  714  749  778  805  835  866  897  937  986 1035 1082 1130 1175 1202 1201 1179
 1138 1078 1005  928  855  797  761  734  699  650  593  527  458  393  341  302
  274  265  273  283  285  288  302  329  352  356  349  344  336  319  298  281
  264  243  220  201  187  176  168  161  150  139  137  152  185  237  297  352
  398  439  478  517  558  601  640  676  714
     2.5-180.0 180.0   5.0 450.0                            LAT/LON1/LON2/DLON/H
  724  760  783  796  813  836  862  896  936  979 1023 1076 1132 1173 1186 1175
 1147 1101 1042  975  905  841  794  755  710  652  586  516  450  396  359  336
  323  324  338  349  351  353  367  392  403  384  355  337  324  305  283  262
  242  223  207  195  184  175  168  162  152  140  137  151  183  232  290  345
  393  437  477  516  555  597  640  682  724
