GPS-project/datasets/gim/jplg0980.23i
     1.0            IONOSPHERE MAPS     GPS                 IONEX VERSION / TYPE
GIM V3.0            JPL - GNISD         11-apr-2023 00:58   PGM / RUN BY / DATE 
JPL'S GLOBAL IONOSPHERE MAPS YEAR 2023 DAY 098              COMMENT             
Global Ionospheric Maps (GIM) are generated on an hourly    DESCRIPTION         
and daily basis at JPL using data from up to 100 GPS sites  DESCRIPTION         
of the IGS and others institutions.                         DESCRIPTION         
The vertical TEC is modeled in a solar-geomagnetic          DESCRIPTION         
reference frame using bi-cubic splines on a spherical grid. DESCRIPTION         
A Kalman filter is used to solve simultaneously for         DESCRIPTION         
instrumental biases and VTEC on the grid (as stochastic     DESCRIPTION         
parameters).                                                DESCRIPTION         
Contact Address:  gpsiono@cobra.jpl.nasa.gov .              DESCRIPTION         
  2023     4     8     0     0     0                        EPOCH OF FIRST MAP  
  2023     4     9     0     0     0                        EPOCH OF LAST MAP   
  7200                                                      INTERVAL            
    13                                                      # OF MAPS IN FILE   
  NONE                                                      MAPPING FUNCTION    
    10.0                                                    ELEVATION CUTOFF    
One-way carrier phase leveled to code                       OBSERVABLES USED    
   170                                                      # OF STATIONS       
  6371.0                                                    BASE RADIUS         
     2                                                      MAP DIMENSION       
   450.0 450.0   0.0                                        HGT1 / HGT2 / DHGT  
    87.5 -87.5  -2.5                                        LAT1 / LAT2 / DLAT  
  -180.0 180.0   5.0                                        LON1 / LON2 / DLON  
    -1                                                      EXPONENT            
TEC/RMS values in 0.1 TECU; 9999, if no value available     COMMENT             
                                                            END OF HEADER       
     1                                                      START OF TEC MAP    
  2023     4     8     0     0     0                        EPOCH OF CURRENT MAP
    87.5-180.0 180.0   5.0 450.0                            LAT/LON1/LON2/DLON/H
  192  192  193  194  194  195  195  196  196  196  196  196  196  196  196  195
  195  194  193  193  192  191  190  189  188  186  185  184  183  182  181  180
  179  178  177  177  176  176  175  175  175  175  174  175  175  175  175  175
  176  176  176  177  177  178  178  179  179  180  181  181  182  183  184  184
  185  186  187  188  188  189  190  191  192
    85.0-180.0 180.0   5.0 450.0                            LAT/LON1/LON2/DLON/H
  202  203  205  207  208  209  210  211  212  213  213  213  213  213  212  211
  210  209  207  205  204  202  199  197  195  192  190  188  185  183  181  179
  177  175  174  173  172  171  171  171  171  171  172  172  173  173  174  174
  175  176  176  177  177  178  179  179  180  181  182  183  184  185  186  187
  189  190  192  193  195  197  198  200  202
    82.5-180.0 180.0   5.0 450.0                            LAT/LON1/LON2/DLON/H
  212  214  217  219  221  223  225  227  228  229  229  230  229  229  228  227
  225  223  221  218  215  212  209  206  202  199  195  192  188  185  182  179
  176  174  172  171  170  170  170  170  171  172  173  174  176  177  178  178
  179  180  180  180  181  181  182  182  183  184  184  185  187  188  189  191
  193  195  197  199  202  204  207  209  212
    80.0-180.0 180.0   5.0 450.0                            LAT/LON1/LON2/DLON/H
  221  224  227  230  233  235  237  239  241  242  243  243  242  241  240  238
  236  233  230  227  223  220  216  212  208  204  199  195  191  186  182  178
  175  172  169  168  168  168  169  171  173  175  177  179  181  182  183  184
  184  185  185  184  184  184  184  185  185  186  186  187  189  190  192  194
  196  199  202  205  208  211  214  218  221
    77.5-180.0 180.0   5.0 450.0                            LAT/LON1/LON2/DLON/H
  229  232  236  239  241  244  246  248  250  251  252  252  251  250  248  245
  241  238  234  229  225  221  217  213  209  205  200  196  191  186  182  177
  173  169  166  165  165  166  167  170  173  176  179  182  184  185  186  187
  187  186  186  185  184  184  184  184  184  185  186  187  189  191  194  197
  200  203  206  210  214  218  221  225  229
    75.0-180.0 180.0   5.0 450.0                            LAT/LON1/LON2/DLON/H
  235  239  242  245  247  250  252  254  256  257  258  258  257  254  251  247
  242  237  231  226  221  216  212  208  204  201  197  194  189  185  180  175
  170  166  163  161  161  161  163  166  169  173  176  179  181  182  183  183
  182  181  180  179  178  178  178  179  180  181  183  186  189  192  195  199
  203  207  211  215  219  224  228  232  235
    72.5-180.0 180.0   5.0 450.0                            LAT/LON1/LON2/DLON/H
  241  244  247  249  252  254  256  258  260  261  261  261  259  256  252  246
  240  233  226  220  214  209  204  200  196  193  190  188  185  181  176  172
  167  163  160  157  156  156  157  159  161  164  167  168  170  170  170  170
  169  168  168  167  168  168  170  172  174  177  181  185  189  193  198  202
  207  212  217  221  226  230  234  238  241
    70.0-180.0 180.0   5.0 450.0                            LAT/LON1/LON2/DLON/H
  247  249  251  253  255  257  259  260  262  263  264  263  261  257  252  245
  237  229  221  214  207  202  197  192  187  183  181  179  177  174  171  167
  163  159  155  152  150  149  148  148  149  150  150  150  151  151  151  151
  151  151  152  153  154  157  160  164  169  174  180  186  192  198  204  210
  215  220  225  230  234  238  241  244  247
    67.5-180.0 180.0   5.0 450.0                            LAT/LON1/LON2/DLON/H
  254  255  256  257  258  259  261  262  264  265  266  265  263  259  253  246
  237  229  220  212  205  199  192  186  179  173  170  169  168  167  164  161
  158  154  150  147  143  140  137  135  133  131  130  129  128  128  128  129
  130  132  134  137  141  146  152  159  167  175  183  191  199  207  215  222
  228  234  238  242  245  248  251  253  254
    65.0-180.0 180.0   5.0 450.0                            LAT/LON1/LON2/DLON/H
  264  264  263  263  263  263  263  264  266  267  268  268  266  262  257  249
  241  233  225  216  209  202  194  184  174  166  160  159  159  159  158  156
  153  150  145  141  136  130  125  120  116  113  110  108  106  106  106  108
  111  114  118  124  131  139  148  158  169  180  191  202  213  223  232  240
  247  253  257  260  262  263  264  264  264
    62.5-180.0 180.0   5.0 450.0                            LAT/LON1/LON2/DLON/H
  278  275  273  271  269  268  267  268  269  270  272  273  271  268  263  257
  249  242  234  226  219  211  201  188  174  162  155  152  152  153  154  153
  150  146  141  135  129  122  115  108  102   98   94   91   90   89   90   93
   97  101  107  114  124  135  147  161  175  190  203  217  230  243  254  264
  272  278  281  283  284  283  282  280  278
    60.0-180.0 180.0   5.0 450.0                            LAT/LON1/LON2/DLON/H
  296  291  286  283  279  277  275  274  274  276  278  279  279  277  273  267
  261  254  246  239  232  223  212  196  179  164  154  150  151  153  154  153
  150  145  139  132  124  116  108  101   95   90   86   84   82   82   83   86
   89   94  101  110  121  134  150  167  184  201  218  234  249  264  278  290
  299  306  309  311  310  307  304  300  296
    57.5-180.0 180.0   5.0 450.0                            LAT/LON1/LON2/DLON/H
  318  311  305  299  295  291  287  285  283  284  286  288  289  288  285  280
  274  268  261  255  248  238  225  207  188  172  161  157  157  159  160  158
  154  147  140  131  122  114  106  100   95   92   89   87   85   84   84   85
   88   93  100  109  121  137  155  175  194  214  232  250  268  284  300  315
  327  335  339  340  338  335  330  325  318
    55.0-180.0 180.0   5.0 450.0                            LAT/LON1/LON2/DLON/H
  345  336  328  322  316  312  307  302  298  298  299  300  302  301  299  295
  289  283  277  271  264  254  239  219  200  185  175  171  171  171  170  166
  160  151  142  133  124  116  110  106  104  103  101   98   95   92   91   91
   93   97  103  113  126  143  163  184  205  226  246  265  283  301  319  337
  351  362  368  369  368  365  359  353  345
    52.5-180.0 180.0   5.0 450.0                            LAT/LON1/LON2/DLON/H
  376  367  359  352  346  340  334  326  319  316  315  316  317  317  315  311
  305  299  293  288  281  269  253  233  215  202  194  191  189  187  182  175
  166  156  145  136  129  123  120  119  119  119  118  114  110  106  103  102
  102  105  111  121  135  153  173  195  216  237  257  276  295  314  334  354
  372  386  394  398  398  395  390  384  376
    50.0-180.0 180.0   5.0 450.0                            LAT/LON1/LON2/DLON/H
  412  404  396  390  384  377  369  357  347  339  335  333  333  333  332  327
  321  314  309  304  297  284  267  247  229  219  213  210  206  200  191  181
  169  157  148  141  136  133  133  134  136  137  136  132  126  121  117  115
  115  117  123  133  146  164  184  206  228  248  268  286  305  323  344  366
  388  406  417  423  426  426  423  419  412
    47.5-180.0 180.0   5.0 450.0                            LAT/LON1/LON2/DLON/H
  454  449  443  436  430  422  410  395  380  368  359  354  352  351  349  343
  336  329  324  320  312  299  280  259  242  233  228  224  217  206  193  179
  166  155  148  145  144  145  147  150  152  153  151  147  141  136  133  130
  129  131  136  145  158  175  196  217  239  259  278  296  312  330  351  375
  400  422  437  446  452  456  457  457  454
    45.0-180.0 180.0   5.0 450.0                            LAT/LON1/LON2/DLON/H
  499  499  496  491  484  474  459  439  419  401  387  378  373  369  366  359
  351  344  339  335  327  313  292  270  252  241  235  228  217  202  186  171
  159  152  149  150  153  156  160  163  165  165  162  159  154  150  147  145
  144  145  149  157  169  186  206  228  250  270  288  304  320  336  356  381
  408  433  452  466  476  484  491  496  499
    42.5-180.0 180.0   5.0 450.0                            LAT/LON1/LON2/DLON/H
  545  551  553  550  543  531  512  489  464  441  422  407  397  391  384  375
  366  358  353  349  341  326  304  279  257  243  234  224  209  192  174  161
  153  151  153  157  163  168  172  174  174  173  171  169  166  164  162  160
  158  158  160  166  177  193  215  238  260  280  298  314  328  342  360  384
  413  440  463  482  497  511  523  535  545
    40.0-180.0 180.0   5.0 450.0                            LAT/LON1/LON2/DLON/H
  588  602  609  608  602  589  570  544  515  487  463  442  428  417  406  394
  382  373  368  364  355  338  314  285  259  241  229  217  200  181  165  156
  153  157  163  170  176  181  185  185  183  182  181  181  179  178  175  173
  170  169  169  173  181  198  220  245  269  290  308  322  335  348  364  386
  414  444  470  494  514  534  552  570  588
    37.5-180.0 180.0   5.0 450.0                            LAT/LON1/LON2/DLON/H
  625  645  658  661  657  646  626  600  570  540  511  485  465  448  433  417
  402  391  385  378  367  348  321  290  261  240  226  213  195  177  165  161
  166  175  183  189  193  197  199  198  196  195  196  197  196  193  188  184
  180  177  175  176  182  199  223  250  275  297  315  330  343  354  369  389
  417  447  476  504  529  553  576  600  625
    35.0-180.0 180.0   5.0 450.0                            LAT/LON1/LON2/DLON/H
  654  680  696  703  703  696  680  656  626  595  563  534  509  487  467  446
  428  413  403  393  377  355  325  292  263  244  232  218  202  187  180  183
  193  206  214  215  215  217  218  217  215  216  220  220  216  209  201  194
  187  182  178  176  181  197  223  251  278  300  319  335  349  362  376  395
  422  453  484  515  544  571  597  625  654
    32.5-180.0 180.0   5.0 450.0                            LAT/LON1/LON2/DLON/H
  681  709  726  735  739  738  727  707  680  649  616  585  556  530  505  481
  458  439  423  407  385  358  326  294  268  255  249  239  224  212  210  219
  233  247  251  247  243  243  244  242  242  246  250  248  238  225  212  201
  192  185  178  174  177  193  219  249  276  300  320  338  355  370  386  407
  434  465  498  529  560  589  618  649  681
    30.0-180.0 180.0   5.0 450.0                            LAT/LON1/LON2/DLON/H
  710  739  755  763  768  772  767  752  728  698  666  634  604  575  547  518
  492  467  445  420  391  358  325  296  278  275  278  273  260  250  252  264
  281  294  294  283  275  275  276  274  274  278  282  276  259  239  221  206
  193  184  175  169  171  187  213  243  271  296  317  338  360  380  402  426
  455  487  520  550  581  611  642  676  710
    27.5-180.0 180.0   5.0 450.0                            LAT/LON1/LON2/DLON/H
  748  776  790  796  801  807  806  792  769  740  708  678  649  619  588  556
  525  494  464  432  396  359  327  304  295  303  316  316  306  298  300  314
  333  344  337  319  309  309  309  305  303  307  308  297  273  247  225  207
  192  180  169  162  164  180  206  235  264  290  314  339  366  393  421  450
  482  516  548  578  607  639  674  711  748
    25.0-180.0 180.0   5.0 450.0                            LAT/LON1/LON2/DLON/H
  797  827  840  842  845  850  848  835  811  779  746  716  689  660  627  591
  554  517  480  441  401  364  336  321  322  340  360  366  359  350  351  363
  382  391  377  352  339  339  338  330  324  324  322  305  276  247  225  206
  189  174  162  154  156  172  197  227  257  285  313  343  376  409  443  477
  513  549  581  608  637  671  711  755  797
    22.5-180.0 180.0   5.0 450.0                            LAT/LON1/LON2/DLON/H
  855  892  908  909  907  907  902  886  859  824  787  755  729  699  662  621
  578  533  490  447  408  377  358  353  363  385  407  417  415  405  399  407
  425  431  409  376  358  357  354  342  330  325  317  297  268  241  220  202
  184  167  153  145  148  164  190  220  252  284  317  352  390  429  467  505
  545  582  614  640  668  705  752  804  855
    20.0-180.0 180.0   5.0 450.0                            LAT/LON1/LON2/DLON/H
  911  958  982  988  986  982  974  954  922  882  839  803  773  741  698  649
  597  544  495  452  419  400  395  403  419  438  454  465  465  453  440  440
  455  458  428  386  363  357  351  334  318  309  298  278  251  228  212  197
  179  161  146  137  140  157  183  215  250  288  327  368  409  451  492  532
  573  612  644  670  698  738  790  851  911
    17.5-180.0 180.0   5.0 450.0                            LAT/LON1/LON2/DLON/H
  955 1012 1047 1062 1065 1063 1056 1039 1006  961  910  866  830  791  740  682
  618  556  502  460  436  432  442  461  479  487  492  499  501  486  463  456
  467  466  430  379  347  336  327  310  294  282  270  252  230  213  201  190
  174  155  139  130  134  151  178  211  250  294  340  386  431  474  516  557
  597  636  669  697  726  767  821  886  955
    15.0-180.0 180.0   5.0 450.0                            LAT/LON1/LON2/DLON/H
  974 1038 1085 1112 1124 1129 1132 1124 1101 1060 1005  952  904  854  794  723
  648  578  519  477  460  468  491  516  529  522  509  507  509  493  463  447
  453  450  409  353  316  302  293  279  264  252  240  225  209  197  191  183
  168  150  134  125  128  145  173  209  251  300  352  403  450  495  537  577
  617  656  690  719  749  788  838  903  974
    12.5-180.0 180.0   5.0 450.0                            LAT/LON1/LON2/DLON/H
  963 1025 1079 1118 1143 1162 1180 1191 1185 1156 1107 1050  993  933  862  779
  693  615  552  507  492  504  531  555  557  530  495  481  479  462  430  410
  414  411  374  319  281  267  259  249  236  226  216  204  191  183  180  176
  163  146  129  120  123  141  170  207  252  304  361  415  465  510  553  594
  633  670  705  736  766  801  844  899  963
    10.0-180.0 180.0   5.0 450.0                            LAT/LON1/LON2/DLON/H
  932  983 1030 1071 1106 1142 1182 1216 1234 1227 1191 1138 1080 1016  939  848
  756  674  607  555  532  538  556  566  549  499  442  414  408  396  370  356
  364  367  338  290  255  243  239  231  220  209  200  190  179  172  171  168
  157  141  125  116  120  138  168  206  251  304  362  418  470  518  564  606
  644  681  715  748  778  808  842  883  932
     7.5-180.0 180.0   5.0 450.0                            LAT/LON1/LON2/DLON/H
  897  930  963  994 1026 1067 1121 1178 1225 1247 1234 1195 1144 1084 1008  917
  824  744  676  616  576  564  562  549  507  435  362  324  320  318  307  304
  320  333  317  280  252  244  242  233  218  204  194  184  172  165  163  161
  151  135  120  113  118  137  166  204  248  300  355  411  465  518  568  613
  652  687  720  752  783  810  836  865  897
     5.0-180.0 180.0   5.0 450.0                            LAT/LON1/LON2/DLON/H
  873  891  906  919  936  969 1021 1084 1148 1195 1213 1200 1167 1120 1054  971
  885  812  744  675  617  580  553  513  448  361  282  241  244  258  266  277
  303  327  325  301  280  272  267  251  227  207  194  183  170  160  158  155
  144  129  115  110  116  135  164  201  244  292  343  397  454  510  565  614
  654  687  719  750  781  810  834  854  873
     2.5-180.0 180.0   5.0 450.0                            LAT/LON1/LON2/DLON/H
  879  889  887  877  871  882  918  971 1033 1090 1127 1140 1133 1108 1062  996
  925  862  798  721  645  585  533  470  390  299  226  195  211  245  272  297
  330  362  369  351  329  317  304  279  246  218  202  187  172  160  155  149
  137  122  109  106  113  132  161  197  238  282  328  380  437  497  556  608
  649  682  711  741  774  809  838  861  879
