GPS-project/datasets/gim/jplg1090.23i
     1.0            IONOSPHERE MAPS     GPS                 IONEX VERSION / TYPE
GIM V3.0            JPL - GNISD         22-apr-2023 01:00   PGM / RUN BY / DATE 
JPL'S GLOBAL IONOSPHERE MAPS YEAR 2023 DAY 109              COMMENT             
Global Ionospheric Maps (GIM) are generated on an hourly    DESCRIPTION         
and daily basis at JPL using data from up to 100 GPS sites  DESCRIPTION         
of the IGS and others institutions.                         DESCRIPTION         
The vertical TEC is modeled in a solar-geomagnetic          DESCRIPTION         
reference frame using bi-cubic splines on a spherical grid. DESCRIPTION         
A Kalman filter is used to solve simultaneously for         DESCRIPTION         
instrumental biases and VTEC on the grid (as stochastic     DESCRIPTION         
parameters).                                                DESCRIPTION         
Contact Address:  gpsiono@cobra.jpl.nasa.gov .              DESCRIPTION         
  2023     4    19     0     0     0                        EPOCH OF FIRST MAP  
  2023     4    20     0     0     0                        EPOCH OF LAST MAP   
  7200                                                      INTERVAL            
    13                                                      # OF MAPS IN FILE   
  NONE                                                      MAPPING FUNCTION    
    10.0                                                    ELEVATION CUTOFF    
One-way carrier phase leveled to code                       OBSERVABLES USED    
   170                                                      # OF STATIONS       
  6371.0                                                    BASE RADIUS         
     2                                                      MAP DIMENSION       
   450.0 450.0   0.0                                        HGT1 / HGT2 / DHGT  
    87.5 -87.5  -2.5                                        LAT1 / LAT2 / DLAT  
  -180.0 180.0   5.0                                        LON1 / LON2 / DLON  
    -1                                                      EXPONENT            
TEC/RMS values in 0.1 TECU; 9999, if no value available     COMMENT             
                                                            END OF HEADER       
[from data line 3432]
     9                                                      START OF TEC MAP    
  2023     4    19    16     0     0                        EPOCH OF CURRENT MAP
    87.5-180.0 180.0   5.0 450.0                            LAT/LON1/LON2/DLON/H
  197  198  199  200  201  202  203  204  204  205  206  206  206  207  207  207
  206  206  206  205  205  204  203  202  202  201  200  199  198  197  196  195
  194  193  192  191  191  190  190  189  189  189  189  189  189  189  188  188
  189  189  189  189  189  189  189  189  189  189  189  189  189  190  190  190
  191  191  192  193  194  194  195  196  197
    85.0-180.0 180.0   5.0 450.0                            LAT/LON1/LON2/DLON/H
  189  191  194  196  199  201  203  205  207  209  210  211  212  212  213  213
  213  212  212  211  210  208  207  205  203  201  199  196  194  191  189  187
  185  183  182  181  180  179  179  179  179  179  180  180  181  181  182  182
  183  183  183  183  183  182  182  181  181  180  180  179  179  179  178  179
  179  179  180  181  182  184  185  187  189
    82.5-180.0 180.0   5.0 450.0                            LAT/LON1/LON2/DLON/H
  176  179  183  187  191  194  198  201  204  207  209  210  212  213  213  214
  214  214  214  213  212  211  209  207  204  201  197  194  190  186  182  178
  175  172  170  168  167  167  167  168  169  171  173  175  176  178  179  180
  181  181  181  181  180  179  178  177  175  174  172  170  169  167  166  165
  165  164  165  165  167  168  170  173  176
    80.0-180.0 180.0   5.0 450.0                            LAT/LON1/LON2/DLON/H
  162  166  170  175  179  184  188  192  196  199  202  204  205  206  207  208
  209  210  211  212  212  212  211  209  207  203  199  194  189  183  178  172
  167  163  160  158  157  157  158  159  162  165  169  172  175  178  180  182
  183  184  184  183  182  180  178  176  173  170  167  165  162  159  157  155
  153  152  151  151  152  153  156  158  162
    77.5-180.0 180.0   5.0 450.0                            LAT/LON1/LON2/DLON/H
  150  154  158  162  167  172  177  181  185  188  191  193  194  195  196  197
  199  202  204  207  210  213  215  215  214  211  207  201  195  188  181  174
  168  162  158  154  153  152  154  156  159  163  168  173  177  181  185  187
  188  189  189  188  186  184  181  178  175  172  169  165  162  158  155  152
  149  147  145  144  143  144  145  147  150
    75.0-180.0 180.0   5.0 450.0                            LAT/LON1/LON2/DLON/H
  144  146  149  153  158  162  167  171  174  177  179  180  180  181  182  184
  187  191  197  203  209  214  219  222  223  221  218  212  206  198  191  183
  176  170  165  161  158  157  157  159  162  167  172  177  182  187  190  193
  195  195  195  194  192  189  187  184  181  177  174  171  167  164  161  158
  155  152  149  147  145  144  143  143  144
    72.5-180.0 180.0   5.0 450.0                            LAT/LON1/LON2/DLON/H
  147  147  147  149  152  155  159  163  166  167  168  168  168  168  169  172
  177  184  192  200  208  216  224  230  233  233  230  225  219  212  204  197
  191  185  180  176  173  171  170  170  172  176  180  185  190  194  198  200
  202  202  201  199  197  194  191  189  186  183  180  177  174  171  169  166
  164  162  160  158  155  153  150  148  147
    70.0-180.0 180.0   5.0 450.0                            LAT/LON1/LON2/DLON/H
  156  154  152  151  152  153  156  158  160  161  160  159  159  159  162  167
  173  181  189  198  207  217  228  237  242  243  241  237  232  226  220  214
  208  204  199  195  192  190  189  189  189  191  194  197  201  204  206  208
  209  208  206  204  200  197  194  191  188  185  183  180  178  176  174  173
  172  171  170  169  167  165  162  159  156
    67.5-180.0 180.0   5.0 450.0                            LAT/LON1/LON2/DLON/H
  167  163  160  157  156  155  156  157  158  158  156  155  155  157  161  168
  175  183  189  196  206  217  230  240  247  249  249  246  243  238  234  230
  226  222  219  216  214  212  211  211  212  212  213  214  215  216  216  216
  215  213  210  206  201  196  191  187  184  182  179  176  173  171  169  169
  170  172  174  175  176  175  173  171  167
    65.0-180.0 180.0   5.0 450.0                            LAT/LON1/LON2/DLON/H
  175  172  168  165  162  161  161  161  160  159  157  156  157  160  166  174
  182  187  191  196  203  215  228  240  248  252  252  251  250  248  246  243
  240  238  236  235  234  234  234  236  237  237  236  234  232  230  228  226
  222  218  213  206  198  191  184  178  174  171  167  163  158  154  151  151
  153  158  163  169  173  176  177  177  175
    62.5-180.0 180.0   5.0 450.0                            LAT/LON1/LON2/DLON/H
  176  176  174  172  170  169  168  168  167  165  163  162  163  167  174  181
  188  191  192  194  201  212  226  239  248  253  254  255  255  255  254  253
  251  250  249  249  250  252  256  260  262  263  260  257  252  246  241  235
  230  223  215  205  195  184  175  167  162  158  153  147  139  131  126  123
  125  131  139  147  155  163  169  174  176
    60.0-180.0 180.0   5.0 450.0                            LAT/LON1/LON2/DLON/H
  168  173  176  177  178  178  178  177  176  174  172  171  171  174  180  186
  191  192  192  193  199  211  225  239  249  255  259  260  261  261  261  259
  257  256  256  258  262  268  275  282  287  288  285  279  272  263  255  246
  238  229  219  207  194  181  169  160  154  149  144  135  124  112  102   97
   97  101  109  119  129  140  151  160  168
    57.5-180.0 180.0   5.0 450.0                            LAT/LON1/LON2/DLON/H
  154  165  174  180  185  187  188  187  186  184  182  180  179  179  181  185
  188  189  189  192  200  213  229  243  255  263  268  270  271  270  267  264
  261  259  260  265  272  282  292  302  308  311  308  301  291  280  269  259
  248  238  227  214  199  185  172  162  156  151  145  135  121  105   91   81
   77   79   84   93  103  115  128  141  154
    55.0-180.0 180.0   5.0 450.0                            LAT/LON1/LON2/DLON/H
  140  156  171  183  192  197  198  197  196  194  193  190  185  181  179  180
  181  182  186  193  205  222  240  256  270  280  286  288  286  282  276  270
  264  262  264  271  282  295  308  320  328  331  328  321  310  298  285  273
  262  251  240  228  215  201  188  178  172  169  164  154  139  121  103   88
   79   75   75   80   87   97  110  124  140
    52.5-180.0 180.0   5.0 450.0                            LAT/LON1/LON2/DLON/H
  131  149  168  186  199  205  206  204  203  203  202  198  191  184  178  175
  175  178  186  200  218  239  260  278  294  305  312  313  308  299  288  278
  270  266  269  278  292  309  324  338  346  350  347  340  328  315  301  288
  278  269  260  252  241  228  216  206  202  200  197  189  175  158  138  120
  106   96   90   87   88   92  101  114  131
    50.0-180.0 180.0   5.0 450.0                            LAT/LON1/LON2/DLON/H
  128  147  168  189  205  213  213  209  208  209  210  207  199  189  180  176
  176  182  195  216  241  266  288  308  325  337  344  344  335  322  305  289
  278  274  278  290  307  325  342  356  365  368  365  357  345  332  318  306
  296  289  284  278  270  259  248  239  235  234  234  229  219  203  185  166
  148  134  123  115  109  106  107  114  128
    47.5-180.0 180.0   5.0 450.0                            LAT/LON1/LON2/DLON/H
  133  149  171  193  211  220  218  214  212  216  219  218  211  201  193  189
  191  200  219  245  274  302  325  345  362  374  381  378  367  348  326  305
  291  287  293  307  326  346  363  377  384  386  382  374  362  348  334  322
  314  309  305  300  294  285  274  265  262  263  265  263  256  245  230  212
  194  178  164  152  141  131  124  125  133
    45.0-180.0 180.0   5.0 450.0                            LAT/LON1/LON2/DLON/H
  143  155  175  198  217  226  224  220  220  226  233  235  231  225  219  218
  224  238  262  291  321  348  370  389  404  414  419  414  400  378  351  326
  311  307  315  331  351  372  388  400  405  405  400  391  378  363  349  337
  329  322  318  312  305  296  286  278  274  277  280  280  277  270  260  247
  232  216  202  189  175  160  147  141  143
    42.5-180.0 180.0   5.0 450.0                            LAT/LON1/LON2/DLON/H
  154  162  178  201  222  232  232  230  234  244  255  262  263  260  260  264
  275  295  323  354  382  405  423  437  448  456  457  451  436  412  383  357
  340  338  347  364  384  404  418  427  430  427  420  410  395  379  363  349
  338  328  318  308  297  287  277  270  268  271  275  276  274  272  267  259
  249  238  228  217  203  185  169  157  154
    40.0-180.0 180.0   5.0 450.0                            LAT/LON1/LON2/DLON/H
  165  168  181  203  225  238  242  246  256  272  289  301  307  310  313  321
  338  363  395  425  448  466  478  487  494  497  496  489  475  453  425  399
  383  382  392  409  427  443  454  459  458  453  444  431  415  396  376  358
  341  324  307  290  275  264  258  256  258  263  266  266  264  262  260  257
  251  244  237  229  218  202  186  172  165
    37.5-180.0 180.0   5.0 450.0                            LAT/LON1/LON2/DLON/H
  173  172  183  203  226  242  253  265  284  309  335  355  367  372  377  387
  406  434  466  494  514  526  532  536  537  537  535  529  519  502  478  456
  442  442  452  465  479  490  496  497  493  485  473  457  437  414  390  365
  342  318  294  271  253  246  247  254  263  271  275  272  266  261  258  255
  251  246  241  234  224  211  196  182  173
    35.0-180.0 180.0   5.0 450.0                            LAT/LON1/LON2/DLON/H
  179  175  182  200  223  244  262  283  312  349  386  417  437  444  448  455
  471  498  529  555  570  578  580  578  575  574  572  571  569  560  545  529
  518  518  524  532  540  545  546  542  534  524  509  489  464  435  405  375
  347  319  291  266  249  248  262  282  302  317  321  314  301  289  279  271
  264  258  251  242  231  218  204  191  179
    32.5-180.0 180.0   5.0 450.0                            LAT/LON1/LON2/DLON/H
  188  179  181  195  217  241  265  295  335  383  433  477  505  516  517  518
  527  547  574  597  611  617  616  611  606  605  608  615  623  626  622  613
  605  603  604  606  607  607  603  595  584  570  551  526  494  459  425  392
  362  334  308  286  277  289  319  358  393  416  422  410  387  361  339  320
  305  291  278  263  247  231  216  201  188
    30.0-180.0 180.0   5.0 450.0                            LAT/LON1/LON2/DLON/H
  200  186  182  190  209  233  261  297  345  403  466  522  561  576  575  570
  570  581  602  621  635  641  640  635  630  633  643  660  680  695  701  701
  696  691  687  682  678  675  667  654  638  620  596  565  527  486  449  417
  391  370  354  343  346  372  420  477  527  558  566  548  515  475  436  404
  378  355  332  307  281  257  237  218  200
    27.5-180.0 180.0   5.0 450.0                            LAT/LON1/LON2/DLON/H
  220  198  186  187  201  223  252  289  339  402  474  542  591  612  613  604
  597  600  615  633  647  656  657  653  651  658  676  703  735  762  778  785
  783  776  766  756  749  743  732  715  693  670  641  604  560  516  478  452
  435  426  422  423  437  475  539  611  671  708  716  695  652  599  546  500
  465  436  406  372  335  299  269  244  220
    25.0-180.0 180.0   5.0 450.0                            LAT/LON1/LON2/DLON/H
  248  218  196  188  196  215  241  275  322  383  456  529  585  616  624  617
  607  607  619  636  654  666  670  669  672  684  709  744  785  821  846  859
  859  851  836  822  814  807  794  772  745  716  682  640  592  545  509  490
  483  485  492  504  527  573  647  727  792  829  836  813  765  703  639  585
  545  512  480  442  396  350  310  278  248
    22.5-180.0 180.0   5.0 450.0                            LAT/LON1/LON2/DLON/H
  282  245  214  197  198  211  233  262  301  356  423  493  552  589  604  605
  602  605  619  639  660  676  685  690  697  714  743  782  828  869  900  918
  921  912  895  878  867  859  844  819  788  754  716  671  620  572  536  521
  522  532  546  565  592  642  716  796  856  886  889  867  821  758  690  634
  595  565  536  499  451  399  354  317  282
    20.0-180.0 180.0   5.0 450.0                            LAT/LON1/LON2/DLON/H
  317  275  237  213  207  216  233  255  286  331  388  450  506  546  569  578
  585  597  618  644  669  691  706  717  730  750  778  817  862  906  940  961
  966  957  938  919  905  895  879  852  818  783  743  696  643  591  554  538
  539  550  565  585  611  657  725  795  841  858  854  836  799  741  676  625
  594  574  556  530  488  439  393  355  317
    17.5-180.0 180.0   5.0 450.0                            LAT/LON1/LON2/DLON/H
  349  304  262  234  223  229  243  261  285  319  363  415  464  503  530  549
  567  590  619  652  684  710  731  751  770  790  815  850  890  931  965  988
  994  985  965  941  924  910  894  870  839  805  765  716  659  602  557  533
  526  528  540  558  584  626  685  742  770  770  759  746  719  670  612  568
  545  535  532  522  497  459  422  387  349
    15.0-180.0 180.0   5.0 450.0                            LAT/LON1/LON2/DLON/H
  373  330  287  256  242  245  259  276  298  326  361  401  441  476  504  529
  556  588  625  665  701  733  762  789  813  832  851  878  911  946  977  998
 1004  994  972  945  924  909  896  878  853  822  783  731  669  602  545  506
  486  480  489  508  534  573  623  665  676  658  638  629  614  574  525  487
  471  471  479  486  480  461  435  408  373
    12.5-180.0 180.0   5.0 450.0                            LAT/LON1/LON2/DLON/H
  389  350  309  277  260  262  277  297  320  347  377  411  445  475  501  527
  558  595  637  681  722  760  796  830  857  873  886  903  927  953  976  992
  997  986  963  935  913  899  891  881  864  838  800  744  673  596  525  473
  441  429  437  458  486  522  564  595  590  558  529  521  512  481  439  408
  396  401  417  437  450  449  438  418  389
    10.0-180.0 180.0   5.0 450.0                            LAT/LON1/LON2/DLON/H
  399  365  327  295  277  278  294  317  345  374  405  437  469  497  522  548
  577  613  655  701  746  790  833  873  901  912  917  924  936  950  964  974
  976  966  945  919  898  887  885  884  876  855  817  755  675  589  510  449
  411  399  410  435  465  498  534  557  545  502  466  453  444  418  383  355
  343  347  365  391  417  432  433  422  399
     7.5-180.0 180.0   5.0 450.0                            LAT/LON1/LON2/DLON/H
  404  376  341  309  289  288  305  333  366  400  435  469  503  532  557  581
  608  640  679  723  770  821  870  913  940  946  942  939  939  942  944  948
  948  940  922  901  886  881  886  891  888  871  831  765  680  590  509  449
  416  412  432  461  488  515  544  561  544  497  453  432  417  394  365  341
  327  326  338  362  392  416  426  421  404
     5.0-180.0 180.0   5.0 450.0                            LAT/LON1/LON2/DLON/H
  406  383  351  319  297  294  309  340  378  418  458  497  535  568  596  620
  643  670  703  744  793  849  903  947  972  972  960  947  936  927  920  917
  917  912  901  888  882  883  891  898  896  879  839  771  687  603  531  484
  466  475  499  525  543  557  576  589  571  523  474  442  419  398  375  355
  341  334  337  354  380  406  419  419  406
     2.5-180.0 180.0   5.0 450.0                            LAT/LON1/LON2/DLON/H
  406  386  357  325  301  295  310  342  383  426  468  513  557  597  628  653
  675  697  726  763  813  872  929  972  993  988  967  945  926  908  893  887
  888  888  884  880  881  886  894  898  893  875  836  772  698  629  574  544
  543  562  586  603  606  605  614  623  606  561  509  469  439  418  401  384
  368  356  352  359  377  399  414  416  406
