GPS-project/datasets/gim/jplg0980.23i
     1.0            IONOSPHERE MAPS     GPS                 IONEX VERSION / TYPE
GIM V3.0            JPL - GNISD         11-apr-2023 00:58   PGM / RUN BY / DATE 
JPL'S GLOBAL IONOSPHERE MAPS YEAR 2023 DAY 098              COMMENT             
Global Ionospheric Maps (GIM) are generated on an hourly    DESCRIPTION         
and daily basis at JPL using data from up to 100 GPS sites  DESCRIPTION         
of the IGS and others institutions.                         DESCRIPTION         
The vertical TEC is modeled in a solar-geomagnetic          DESCRIPTION         
reference frame using bi-cubic splines on a spherical grid. DESCRIPTION         
A Kalman filter is used to solve simultaneously for         DESCRIPTION         
instrumental biases and VTEC on the grid (as stochastic     DESCRIPTION         
parameters).                                                DESCRIPTION         
Contact Address:  gpsiono@cobra.jpl.nasa.gov .              DESCRIPTION         
  2023     4     8     0     0     0                        EPOCH OF FIRST MAP  
  2023     4     9     0     0     0                        EPOCH OF LAST MAP   
  7200                                                      INTERVAL            
    13                                                      # OF MAPS IN FILE   
  NONE                                                      MAPPING FUNCTION    
    10.0                                                    ELEVATION CUTOFF    
One-way carrier phase leveled to code                       OBSERVABLES USED    
   170                                                      # OF STATIONS       
  6371.0                                                    BASE RADIUS         
     2                                                      MAP DIMENSION       
   450.0 450.0   0.0                                        HGT1 / HGT2 / DHGT  
    87.5 -87.5  -2.5                                        LAT1 / LAT2 / DLAT  
  -180.0 180.0   5.0                                        LON1 / LON2 / DLON  
    -1                                                      EXPONENT            
TEC/RMS values in 0.1 TECU; 9999, if no value available     COMMENT             
                                                            END OF HEADER       
[from data line 858]
     3                                                      START OF TEC MAP    
  2023     4     8     4     0     0                        EPOCH OF CURRENT MAP
    87.5-180.0 180.0   5.0 450.0                            LAT/LON1/LON2/DLON/H
  191  191  191  190  190  189  189  188  188  187  187  186  185  185  184  183
  183  182  181  181  180  180  179  179  178  178  178  177  177  177  177  177
  177  177  177  177  177  177  178  178  179  179  180  180  181  182  182  183
  184  184  185  186  186  187  188  188  189  189  190  190  190  191  191  191
  192  192  192  192  192  192  192  192  191
    85.0-180.0 180.0   5.0 450.0                            LAT/LON1/LON2/DLON/H
  203  202  201  200  199  197  196  195  193  192  191  189  188  187  186  185
  183  182  181  180  179  178  177  176  175  174  173  172  172  171  171  170
  170  170  170  171  171  172  173  174  175  177  178  179  181  182  184  185
  187  188  190  191  192  193  194  196  197  198  199  199  200  201  202  202
  203  203  204  204  204  204  204  203  203
    82.5-180.0 180.0   5.0 450.0                            LAT/LON1/LON2/DLON/H
  216  214  212  210  207  205  202  200  197  195  193  191  189  188  187  185
  184  183  182  181  179  178  176  175  173  171  170  168  167  165  164  164
  163  163  164  164  166  167  169  171  173  175  178  180  183  185  188  190
  192  194  196  199  200  202  204  206  208  209  211  212  214  215  216  217
  218  219  219  219  219  219  219  217  216
    80.0-180.0 180.0   5.0 450.0                            LAT/LON1/LON2/DLON/H
  230  227  223  218  213  209  204  200  196  193  191  189  187  186  185  185
  184  183  182  181  180  179  177  174  172  169  167  164  162  160  158  157
  156  156  157  158  160  163  166  169  173  176  180  183  187  190  193  196
  199  202  205  208  211  214  217  219  222  225  227  229  231  233  235  236
  237  238  238  238  238  237  235  233  230
    77.5-180.0 180.0   5.0 450.0                            LAT/LON1/LON2/DLON/H
  244  238  231  224  216  209  203  197  192  189  187  185  184  184  184  184
  184  184  184  183  182  180  178  175  172  168  164  161  157  154  152  150
  149  150  151  153  156  160  164  169  174  178  183  187  192  196  199  203
  207  211  214  219  223  227  231  236  240  244  248  251  254  256  258  260
  260  260  260  259  258  256  253  249  244
    75.0-180.0 180.0   5.0 450.0                            LAT/LON1/LON2/DLON/H
  256  248  238  228  218  209  201  194  188  185  183  182  182  183  183  184
  185  185  185  185  184  182  179  176  172  167  162  157  153  149  146  144
  143  144  146  149  153  158  163  169  175  181  187  192  197  202  206  210
  214  218  223  229  235  241  247  254  260  266  271  276  280  283  285  286
  286  285  283  281  278  275  270  264  256
    72.5-180.0 180.0   5.0 450.0                            LAT/LON1/LON2/DLON/H
  269  258  247  235  223  211  201  193  186  182  180  179  179  180  181  182
  183  184  185  185  184  182  180  176  171  166  160  154  149  144  140  138
  138  139  141  145  150  155  161  168  175  182  189  196  202  207  211  216
  220  226  232  239  246  255  263  271  280  288  295  301  306  309  311  311
  310  308  305  302  297  292  286  278  269
    70.0-180.0 180.0   5.0 450.0                            LAT/LON1/LON2/DLON/H
  283  272  260  246  232  219  206  196  188  182  178  176  175  175  176  177
  179  180  181  181  181  180  178  174  169  163  157  151  145  139  135  133
  132  133  136  140  145  151  158  165  173  181  189  197  204  211  216  222
  227  233  241  249  258  268  278  288  298  307  315  322  327  330  332  331
  329  326  323  318  313  308  301  293  283
    67.5-180.0 180.0   5.0 450.0                            LAT/LON1/LON2/DLON/H
  298  288  277  263  249  234  219  205  194  185  178  174  171  170  169  169
  170  171  173  174  175  175  173  169  164  158  152  146  140  135  131  128
  127  128  130  134  139  144  150  157  166  176  186  196  206  214  222  229
  235  243  251  261  271  282  292  303  312  321  329  336  340  343  344  343
  341  338  334  329  325  319  313  306  298
    65.0-180.0 180.0   5.0 450.0                            LAT/LON1/LON2/DLON/H
  312  305  296  284  270  254  237  220  205  192  182  174  169  165  162  161
  160  160  161  163  164  165  164  161  156  150  145  140  135  130  127  124
  122  122  124  126  129  134  139  147  156  168  180  194  207  218  228  237
  246  255  265  275  285  295  305  314  323  330  336  341  344  346  346  345
  343  340  336  333  330  326  322  318  312
    62.5-180.0 180.0   5.0 450.0                            LAT/LON1/LON2/DLON/H
  323  319  313  304  291  276  258  239  221  205  191  179  170  163  158  154
  151  149  149  150  152  153  152  150  146  142  137  133  130  127  124  121
  118  117  116  117  118  121  127  135  145  159  174  191  207  222  236  249
  260  271  282  292  302  310  319  326  332  336  339  341  342  342  341  339
  337  335  332  330  328  327  326  325  323
    60.0-180.0 180.0   5.0 450.0                            LAT/LON1/LON2/DLON/H
  327  327  324  318  308  294  277  258  238  220  204  189  177  167  158  151
  145  141  139  139  140  141  141  140  137  134  131  129  127  125  123  120
  116  113  110  108  108  110  115  124  136  152  170  190  209  228  245  262
  277  291  302  312  321  328  334  338  341  343  343  341  340  337  335  333
  330  328  325  324  323  323  324  326  327
    57.5-180.0 180.0   5.0 450.0                            LAT/LON1/LON2/DLON/H
  328  328  326  323  316  305  290  273  254  236  218  203  189  178  167  157
  148  140  136  133  133  133  133  132  131  129  128  128  128  128  126  122
  117  111  106  102  100  102  108  118  132  150  170  192  213  235  256  276
  295  311  324  334  342  348  352  354  355  354  352  348  343  339  335  331
  328  325  322  320  320  320  323  325  328
    55.0-180.0 180.0   5.0 450.0                            LAT/LON1/LON2/DLON/H
  328  326  323  319  313  305  295  281  266  249  233  218  205  193  181  170
  159  149  141  136  132  131  131  130  129  129  130  132  133  134  132  127
  120  112  105  100   97   99  106  118  134  153  175  197  220  243  267  290
  312  331  346  357  365  370  373  375  376  374  370  364  358  352  346  341
  336  332  328  325  323  323  325  327  328
    52.5-180.0 180.0   5.0 450.0                            LAT/LON1/LON2/DLON/H
  334  328  321  314  307  300  292  282  270  258  244  231  220  209  199  187
  175  164  153  145  139  136  134  134  134  135  137  140  142  142  140  134
  126  117  109  103  101  103  111  124  141  160  182  205  229  253  278  304
  329  350  367  380  388  394  398  401  402  400  396  391  384  376  370  363
  357  352  347  342  338  336  336  336  334
    50.0-180.0 180.0   5.0 450.0                            LAT/LON1/LON2/DLON/H
  352  341  328  315  304  296  288  279  270  260  250  240  232  224  215  204
  193  181  169  159  151  146  144  143  144  145  148  150  152  152  149  142
  134  125  117  111  110  113  121  133  150  170  191  214  238  264  290  317
  343  367  386  401  411  418  424  427  429  429  425  420  413  406  399  392
  387  381  376  371  366  362  360  358  352
    47.5-180.0 180.0   5.0 450.0                            LAT/LON1/LON2/DLON/H
  387  372  351  331  314  300  289  279  270  261  252  244  238  232  226  218
  208  197  186  176  167  161  158  157  158  160  161  162  162  160  156  149
  142  134  128  123  122  125  132  144  159  178  200  223  249  275  302  329
  355  381  402  420  432  441  448  453  455  455  452  447  441  434  428  422
  418  415  412  407  403  399  397  395  387
    45.0-180.0 180.0   5.0 450.0                            LAT/LON1/LON2/DLON/H
  434  418  394  366  341  320  301  286  273  262  253  246  240  235  231  225
  217  209  201  192  185  179  176  176  177  177  177  175  171  167  161  155
  150  145  140  136  135  138  143  153  166  184  206  231  258  286  313  339
  366  392  416  435  450  462  470  475  476  474  469  465  460  455  450  447
  446  447  448  446  444  441  441  441  434
    42.5-180.0 180.0   5.0 450.0                            LAT/LON1/LON2/DLON/H
  487  473  447  417  386  356  329  304  284  268  256  247  241  235  231  227
  222  216  211  207  202  199  198  198  199  198  194  187  180  172  165  160
  156  154  151  149  147  148  151  157  169  187  210  237  266  295  322  348
  374  400  425  447  464  478  488  493  491  484  477  472  468  464  461  461
  466  473  480  483  484  485  487  490  487
    40.0-180.0 180.0   5.0 450.0                            LAT/LON1/LON2/DLON/H
  537  527  504  473  439  403  367  333  304  281  264  252  242  235  230  226
  223  221  220  219  219  219  220  222  223  221  213  202  190  179  170  164
  163  162  161  159  157  156  156  159  170  188  213  241  272  302  329  354
  379  406  432  455  475  491  504  508  503  493  484  479  476  472  470  473
  481  494  507  516  521  524  529  535  537
    37.5-180.0 180.0   5.0 450.0                            LAT/LON1/LON2/DLON/H
  577  573  556  528  493  454  411  369  331  301  279  262  248  238  231  227
  225  224  227  230  234  238  242  246  248  246  236  221  205  190  178  171
  169  169  168  166  163  161  159  160  170  189  216  246  277  307  333  357
  382  409  436  461  483  503  519  525  520  510  502  499  497  494  492  494
  505  520  537  549  556  559  563  571  577
    35.0-180.0 180.0   5.0 450.0                            LAT/LON1/LON2/DLON/H
  607  606  594  572  541  501  455  406  362  325  298  276  259  245  236  231
  228  229  233  239  246  253  260  268  273  273  262  245  225  206  191  181
  177  176  175  172  169  165  162  162  171  192  221  252  282  310  335  359
  384  412  440  467  492  516  536  547  547  543  542  545  547  545  540  539
  547  561  578  592  599  599  598  602  607
    32.5-180.0 180.0   5.0 450.0                            LAT/LON1/LON2/DLON/H
  639  636  625  606  577  539  492  441  392  351  319  293  272  256  245  239
  236  236  239  245  253  262  274  287  298  301  293  274  252  229  209  195
  187  183  181  178  174  170  165  165  175  199  229  259  287  312  336  359
  385  414  444  473  501  530  557  577  589  600  614  629  639  637  628  620
  619  627  640  652  657  652  644  640  639
    30.0-180.0 180.0   5.0 450.0                            LAT/LON1/LON2/DLON/H
  687  676  662  640  610  570  522  471  421  376  339  309  286  269  256  249
  244  243  245  249  256  267  283  303  322  332  326  308  283  256  232  213
  200  193  188  184  180  176  171  170  181  206  237  266  291  314  336  360
  388  418  450  482  514  548  582  614  644  677  711  743  763  765  753  736
  725  723  729  736  738  729  712  697  687
    27.5-180.0 180.0   5.0 450.0                            LAT/LON1/LON2/DLON/H
  763  741  718  689  653  608  556  502  449  399  356  324  299  281  267  258
  252  250  250  251  257  271  292  320  347  364  362  343  315  285  257  235
  217  206  198  193  188  183  177  176  186  211  243  272  295  315  336  361
  391  424  459  493  528  566  608  653  702  758  814  862  894  900  887  865
  844  833  835  842  845  835  813  787  763
    25.0-180.0 180.0   5.0 450.0                            LAT/LON1/LON2/DLON/H
  878  843  806  766  719  665  606  545  484  425  374  336  311  291  275  264
  257  254  253  253  260  277  306  342  378  400  399  377  344  311  283  259
  238  222  211  203  195  189  182  179  189  213  245  274  296  316  338  364
  396  431  469  506  543  585  632  688  754  827  900  962 1003 1015 1003  978
  953  937  937  948  958  957  940  910  878
    22.5-180.0 180.0   5.0 450.0                            LAT/LON1/LON2/DLON/H
 1013  975  932  881  821  753  683  611  536  463  399  355  326  303  282  266
  258  255  255  257  267  291  327  373  416  440  437  409  369  333  306  282
  259  240  224  212  201  192  184  179  186  209  241  271  296  317  339  367
  401  440  480  520  559  602  653  715  789  871  950 1016 1062 1079 1073 1051
 1027 1012 1016 1034 1057 1071 1066 1044 1013
    20.0-180.0 180.0   5.0 450.0                            LAT/LON1/LON2/DLON/H
 1139 1108 1068 1019  956  881  798  708  613  520  442  389  357  329  299  274
  261  257  259  266  282  314  360  415  463  485  474  435  387  348  324  302
  278  255  235  218  203  191  180  173  178  199  231  265  293  316  340  371
  408  450  493  535  574  616  668  731  804  879  951 1011 1055 1075 1074 1061
 1045 1038 1050 1079 1117 1151 1166 1160 1139
    17.5-180.0 180.0   5.0 450.0                            LAT/LON1/LON2/DLON/H
 1226 1211 1185 1148 1094 1025  940  837  721  605  510  449  414  381  339  301
  278  270  272  282  306  345  400  463  512  526  504  453  396  355  333  315
  290  265  241  219  199  183  170  163  167  186  218  255  287  314  341  374
  415  460  507  550  588  627  678  738  801  862  917  965  999 1018 1023 1019
 1012 1013 1030 1067 1118 1172 1211 1228 1226
    15.0-180.0 180.0   5.0 450.0                            LAT/LON1/LON2/DLON/H
 1245 1253 1250 1235 1203 1151 1075  970  842  713  609  544  509  471  415  358
  320  303  301  313  339  382  441  505  551  556  520  459  394  351  331  316
  292  265  239  214  191  171  157  150  154  172  204  244  280  310  340  377
  421  471  521  565  600  636  683  737  788  831  868  900  924  939  948  952
  955  961  980 1015 1067 1128 1183 1222 1245
    12.5-180.0 180.0   5.0 450.0                            LAT/LON1/LON2/DLON/H
 1185 1210 1232 1249 1249 1225 1169 1073  946  817  718  663  641  608  538  458
  399  366  354  360  382  421  475  535  572  563  515  446  379  336  317  303
  281  256  230  204  179  158  144  139  144  161  192  233  272  305  338  378
  426  478  531  576  609  641  684  731  771  800  822  841  855  867  877  889
  901  912  927  953  995 1049 1105 1151 1185
    10.0-180.0 180.0   5.0 450.0                            LAT/LON1/LON2/DLON/H
 1081 1105 1135 1172 1202 1212 1188 1113 1001  887  805  772  777  763  692  596
  516  464  436  428  436  459  498  542  564  540  483  413  350  311  293  280
  261  239  217  192  167  146  134  131  137  154  184  223  263  298  334  377
  427  482  537  582  615  644  682  723  756  780  797  811  820  828  839  858
  878  891  900  911  933  968 1011 1051 1081
     7.5-180.0 180.0   5.0 450.0                            LAT/LON1/LON2/DLON/H
  971  979 1001 1039 1079 1106 1105 1059  977  893  840  839  880  895  835  735
  644  578  534  508  495  493  506  527  529  492  430  366  314  281  263  251
  237  221  202  181  158  139  130  128  135  151  179  216  255  292  330  374
  424  480  535  582  616  645  678  713  745  773  795  812  823  831  845  873
  904  923  925  919  914  920  939  959  971
     5.0-180.0 180.0   5.0 450.0                            LAT/LON1/LON2/DLON/H
  894  875  875  897  927  951  954  921  862  809  791  829  910  961  928  842
  753  681  626  585  550  521  505  501  484  435  372  318  279  253  236  224
  214  204  190  172  153  138  130  130  136  150  175  210  248  285  324  368
  417  471  526  575  611  642  672  703  737  773  807  832  849  860  879  917
  962  993  999  985  959  936  923  913  894
     2.5-180.0 180.0   5.0 450.0                            LAT/LON1/LON2/DLON/H
  889  836  801  793  798  800  788  750  698  658  658  719  830  922  932  880
  812  747  692  643  592  541  501  475  442  387  326  282  255  233  216  204
  198  192  181  166  150  139  133  132  137  150  173  205  242  279  317  360
  407  458  512  561  602  636  665  693  730  776  822  857  880  896  921  970
 1029 1074 1091 1077 1043 1004  972  937  889
