GPS-project/datasets/gim/jplg0980.23i
     1.0            IONOSPHERE MAPS     GPS                 IONEX VERSION / TYPE
GIM V3.0            JPL - GNISD         11-apr-2023 00:58   PGM / RUN BY / DATE 
JPL'S GLOBAL IONOSPHERE MAPS YEAR 2023 DAY 098              COMMENT             
Global Ionospheric Maps (GIM) are generated on an hourly    DESCRIPTION         
and daily basis at JPL using data from up to 100 GPS sites  DESCRIPTION         
of the IGS and others institutions.                         DESCRIPTION         
The vertical TEC is modeled in a solar-geomagnetic          DESCRIPTION         
reference frame using bi-cubic splines on a spherical grid. DESCRIPTION         
A Kalman filter is used to solve simultaneously for         DESCRIPTION         
instrumental biases and VTEC on the grid (as stochastic     DESCRIPTION         
parameters).                                                DESCRIPTION         
Contact Address:  gpsiono@cobra.jpl.nasa.gov .              DESCRIPTION         
  2023     4     8     0     0     0                        EPOCH OF FIRST MAP  
  2023     4     9     0     0     0                        EPOCH OF LAST MAP   
  7200                                                      INTERVAL            
    13                                                      # OF MAPS IN FILE   
  NONE                                                      MAPPING FUNCTION    
    10.0                                                    ELEVATION CUTOFF    
One-way carrier phase leveled to code                       OBSERVABLES USED    
   170                                                      # OF STATIONS       
  6371.0                                                    BASE RADIUS         
     2                                                      MAP DIMENSION       
   450.0 450.0   0.0                                        HGT1 / HGT2 / DHGT  
    87.5 -87.5  -2.5                                        LAT1 / LAT2 / DLAT  
  -180.0 180.0   5.0                                        LON1 / LON2 / DLON  
    -1                                                      EXPONENT            
TEC/RMS values in 0.1 TECU; 9999, if no value available     COMMENT             
                                                            END OF HEADER       
[from data line 3432]
     9                                                      START OF TEC MAP    
  2023     4     8    16     0     0                        EPOCH OF CURRENT MAP
    87.5-180.0 180.0   5.0 450.0                            LAT/LON1/LON2/DLON/H
  238  239  240  241  242  243  244  245  246  246  247  247  248  248  248  248
  248  248  248  247  247  246  246  245  244  243  242  241  240  239  238  238
  237  236  235  234  233  232  232  231  230  230  229  229  229  228  228  228
  228  228  227  227  227  227  227  228  228  228  228  229  229  229  230  231
  231  232  233  234  234  235  236  237  238
    85.0-180.0 180.0   5.0 450.0                            LAT/LON1/LON2/DLON/H
  232  234  236  239  241  243  245  247  248  250  251  252  253  254  254  255
  255  255  254  254  253  252  251  249  248  246  244  242  240  238  236  233
  232  230  228  226  225  224  223  222  221  221  220  220  220  219  219  219
  219  218  218  218  218  218  218  217  217  217  217  217  218  218  218  219
  220  221  222  223  225  226  228  230  232
    82.5-180.0 180.0   5.0 450.0                            LAT/LON1/LON2/DLON/H
  221  224  227  231  234  237  240  243  246  248  250  252  253  255  256  257
  258  258  258  258  258  257  256  254  252  249  246  243  240  236  233  229
  226  224  221  219  217  216  215  214  214  214  214  214  214  214  214  214
  214  213  213  213  212  212  211  210  209  209  208  207  207  206  206  206
  206  207  208  209  211  213  215  218  221
    80.0-180.0 180.0   5.0 450.0                            LAT/LON1/LON2/DLON/H
  207  210  214  218  223  227  230  234  238  241  244  246  248  250  253  255
  256  258  260  261  262  262  262  260  258  255  252  247  243  238  234  229
  225  221  218  216  214  212  212  211  211  212  212  212  213  213  213  214
  214  213  213  212  211  210  209  208  206  204  202  200  199  197  195  194
  193  193  193  194  196  198  200  203  207
    77.5-180.0 180.0   5.0 450.0                            LAT/LON1/LON2/DLON/H
  191  195  199  203  208  213  217  221  225  229  232  236  239  242  246  249
  253  256  260  264  267  269  271  271  270  267  263  258  253  247  241  236
  231  226  223  220  218  216  215  215  215  215  216  217  217  218  219  219
  219  219  219  218  217  216  214  212  209  206  203  199  196  192  189  186
  184  182  181  180  181  182  184  187  191
    75.0-180.0 180.0   5.0 450.0                            LAT/LON1/LON2/DLON/H
  175  179  183  187  192  197  201  206  211  215  220  224  229  233  238  244
  249  255  261  267  274  279  283  285  285  282  278  272  266  260  254  249
  244  240  236  233  231  228  227  225  225  225  226  227  228  228  229  230
  230  230  229  229  227  226  223  220  216  212  207  202  197  192  187  182
  178  174  171  169  168  168  170  172  175
    72.5-180.0 180.0   5.0 450.0                            LAT/LON1/LON2/DLON/H
  161  164  168  172  176  181  186  191  197  202  208  214  220  226  232  239
  246  254  263  272  281  290  296  299  300  298  294  288  281  274  268  264
  261  258  256  254  251  247  244  242  240  240  240  241  242  243  244  244
  244  243  242  241  239  236  233  228  223  217  211  204  198  191  184  178
  172  167  163  160  158  157  157  159  161
    70.0-180.0 180.0   5.0 450.0                            LAT/LON1/LON2/DLON/H
  149  151  154  158  162  167  172  178  185  192  199  207  214  221  228  235
  243  253  264  276  289  299  307  311  313  312  308  301  294  287  281  279
  278  278  277  276  273  269  265  261  259  257  258  259  260  260  260  260
  258  256  254  251  247  243  238  232  224  217  209  200  193  185  178  171
  165  159  154  150  147  146  146  147  149
    67.5-180.0 180.0   5.0 450.0                            LAT/LON1/LON2/DLON/H
  138  140  143  147  151  156  162  169  176  185  193  202  210  218  225  232
  241  252  265  279  293  305  313  318  320  319  316  309  302  296  292  291
  292  294  296  296  294  290  285  280  276  275  275  276  277  277  276  273
  269  265  260  254  248  242  234  225  215  205  195  186  178  171  164  157
  151  145  141  137  135  135  135  136  138
    65.0-180.0 180.0   5.0 450.0                            LAT/LON1/LON2/DLON/H
  129  132  135  139  143  148  155  162  171  181  190  200  208  216  222  229
  238  250  265  280  294  305  313  318  320  319  317  312  307  302  300  300
  303  307  311  312  310  306  300  295  291  290  290  291  292  290  287  282
  274  266  257  248  239  229  218  206  193  180  169  159  151  145  140  135
  130  125  122  121  121  122  124  126  129
    62.5-180.0 180.0   5.0 450.0                            LAT/LON1/LON2/DLON/H
  122  126  130  134  139  145  152  160  169  179  190  199  208  215  221  227
  236  248  263  278  292  302  308  312  314  315  314  312  309  307  306  308
  312  317  321  323  321  317  311  306  303  302  302  303  302  299  292  283
  272  259  246  234  221  208  195  180  165  150  137  127  120  116  112  108
  104  101   99  100  103  108  113  118  122
    60.0-180.0 180.0   5.0 450.0                            LAT/LON1/LON2/DLON/H
  117  123  129  134  139  145  153  161  171  181  191  201  209  215  220  226
  234  246  260  275  288  296  302  306  308  311  312  313  313  313  314  317
  321  325  328  329  328  324  319  315  312  311  312  311  308  302  292  278
  263  247  232  216  202  188  173  157  140  124  110  101   95   91   89   86
   82   79   78   81   87   94  103  111  117
    57.5-180.0 180.0   5.0 450.0                            LAT/LON1/LON2/DLON/H
  116  124  131  138  144  151  158  166  176  185  195  204  212  217  222  227
  233  243  256  270  283  292  297  301  305  310  314  318  321  323  326  328
  330  333  335  335  333  329  325  321  319  319  319  317  311  302  288  272
  254  236  219  203  188  174  160  144  128  112   98   89   84   81   79   75
   71   66   65   68   75   85   96  107  116
    55.0-180.0 180.0   5.0 450.0                            LAT/LON1/LON2/DLON/H
  118  128  137  146  153  161  168  176  184  193  201  209  216  221  225  228
  233  241  253  267  280  289  297  303  309  317  324  331  336  339  341  342
  343  343  343  341  339  335  332  329  327  326  325  322  314  302  286  268
  248  229  212  198  185  174  163  150  136  121  109  100   96   93   90   84
   76   69   65   66   73   83   95  107  118
    52.5-180.0 180.0   5.0 450.0                            LAT/LON1/LON2/DLON/H
  122  134  144  155  164  174  182  190  197  203  210  216  222  226  229  231
  233  240  251  266  280  292  302  311  321  332  342  350  355  358  360  359
  358  355  353  350  347  344  341  338  336  335  333  329  320  306  288  269
  249  231  216  205  197  190  182  173  162  150  139  132  128  126  121  113
  102   90   82   79   81   89  100  111  122
    50.0-180.0 180.0   5.0 450.0                            LAT/LON1/LON2/DLON/H
  128  139  150  163  175  187  198  206  213  217  221  225  229  233  234  233
  234  240  251  267  284  300  313  326  339  352  363  372  377  379  379  378
  374  370  366  363  360  357  354  351  348  346  343  339  329  315  298  278
  258  241  229  221  216  212  208  202  194  185  177  171  169  167  162  152
  138  123  111  103  101  104  110  119  128
    47.5-180.0 180.0   5.0 450.0                            LAT/LON1/LON2/DLON/H
  133  141  152  166  181  197  212  222  229  231  233  235  238  240  239  236
  236  242  255  274  294  313  330  346  362  376  387  395  398  398  398  396
  392  388  384  380  378  374  371  366  362  359  357  353  344  331  313  292
  272  254  243  237  235  233  230  226  220  213  207  204  204  203  199  190
  175  158  143  131  125  123  124  128  133
    45.0-180.0 180.0   5.0 450.0                            LAT/LON1/LON2/DLON/H
  137  141  149  163  181  202  221  236  244  245  245  246  247  248  244  239
  238  247  264  286  310  332  352  370  386  400  410  415  415  414  413  413
  412  410  407  404  402  397  392  385  379  375  373  370  363  349  330  307
  284  265  252  247  245  243  239  234  229  223  219  218  220  223  222  215
  202  185  169  156  146  141  138  136  137
    42.5-180.0 180.0   5.0 450.0                            LAT/LON1/LON2/DLON/H
  138  137  142  155  174  200  226  246  256  258  257  258  258  257  251  244
  244  256  278  305  332  357  379  397  412  424  431  433  431  429  431  435
  438  439  439  437  434  427  418  409  400  395  392  390  382  367  346  320
  292  268  252  244  240  235  227  219  212  207  204  206  212  218  222  219
  210  196  183  171  161  154  148  143  138
    40.0-180.0 180.0   5.0 450.0                            LAT/LON1/LON2/DLON/H
  139  134  135  144  164  193  225  251  265  269  269  271  272  269  261  253
  255  271  298  329  360  387  409  426  440  449  453  453  449  448  454  464
  473  479  481  481  475  465  452  438  426  417  413  410  402  384  358  326
  291  260  240  231  225  217  205  193  185  179  178  182  191  200  208  208
  202  192  181  173  166  160  154  147  139
    37.5-180.0 180.0   5.0 450.0                            LAT/LON1/LON2/DLON/H
  141  132  129  135  153  184  221  252  270  278  282  286  288  285  277  269
  273  293  324  359  391  419  440  457  469  477  480  479  476  478  489  506
  522  533  538  536  528  512  493  474  457  444  436  430  419  397  365  327
  287  252  230  221  216  206  191  176  165  159  158  163  174  185  195  197
  192  182  173  167  163  160  156  149  141
    35.0-180.0 180.0   5.0 450.0                            LAT/LON1/LON2/DLON/H
  144  135  128  130  145  176  215  250  273  285  294  303  308  307  300  294
  300  323  356  391  424  451  472  488  501  510  515  515  515  522  540  564
  586  600  605  601  588  568  542  518  495  476  462  451  435  409  373  331
  289  254  235  230  228  218  202  186  173  164  162  167  178  190  199  200
  192  180  169  163  159  158  156  152  144
    32.5-180.0 180.0   5.0 450.0                            LAT/LON1/LON2/DLON/H
  150  142  133  131  142  169  208  246  274  292  307  321  331  334  330  328
  336  360  393  426  456  481  501  519  535  548  559  564  570  583  607  635
  659  674  679  672  656  630  600  570  541  514  492  473  453  425  388  347
  308  280  270  273  276  270  256  240  224  212  206  210  219  229  235  230
  214  195  179  168  162  160  158  156  150
    30.0-180.0 180.0   5.0 450.0                            LAT/LON1/LON2/DLON/H
  157  150  141  135  141  165  201  240  272  297  320  341  357  364  366  368
  380  403  433  463  488  509  529  550  573  594  613  626  638  656  683  713
  737  751  754  746  726  698  664  629  593  557  525  500  477  449  415  381
  354  341  346  360  368  365  353  336  317  298  287  288  296  303  304  291
  266  236  210  190  177  169  164  161  157
    27.5-180.0 180.0   5.0 450.0                            LAT/LON1/LON2/DLON/H
  164  158  149  141  143  161  194  233  269  301  332  361  384  398  405  412
  426  448  475  500  520  537  559  587  617  649  676  697  714  736  763  791
  812  824  826  817  796  766  729  689  646  602  562  533  510  485  460  439
  428  433  453  474  484  479  467  450  426  401  385  384  389  394  390  371
  336  295  258  228  205  187  176  169  164
    25.0-180.0 180.0   5.0 450.0                            LAT/LON1/LON2/DLON/H
  169  164  156  147  145  158  187  226  266  305  343  380  411  432  445  458
  474  494  516  537  553  569  595  631  672  712  748  775  797  819  843  864
  879  887  888  879  857  824  785  741  694  644  601  571  551  534  518  510
  513  533  563  587  592  583  570  553  528  499  481  478  482  485  477  452
  409  359  313  273  239  211  190  177  169
    22.5-180.0 180.0   5.0 450.0                            LAT/LON1/LON2/DLON/H
  173  167  159  150  146  155  181  220  264  309  354  399  437  465  485  501
  518  537  557  574  589  607  639  687  740  787  827  859  883  901  916  928
  935  938  937  926  902  866  824  779  730  680  638  612  597  585  576  576
  588  616  649  669  665  649  635  620  597  571  553  551  556  558  548  519
  471  415  362  314  271  235  205  184  173
    20.0-180.0 180.0   5.0 450.0                            LAT/LON1/LON2/DLON/H
  175  167  161  151  146  154  180  219  265  314  365  415  460  495  520  540
  558  576  594  612  628  652  695  758  822  873  911  942  965  976  980  979
  977  974  969  954  924  882  838  794  749  707  673  653  641  630  622  621
  633  657  683  690  674  651  637  629  617  601  591  592  597  599  589  559
  509  451  394  342  296  254  218  191  175
    17.5-180.0 180.0   5.0 450.0                            LAT/LON1/LON2/DLON/H
  177  167  160  151  146  155  181  221  269  320  374  428  478  518  548  571
  591  609  629  649  670  702  759  836  909  958  989 1015 1032 1035 1027 1016
 1006  996  982  958  917  868  825  790  757  727  704  689  676  660  642  631
  630  639  649  644  620  596  589  595  599  599  601  607  612  612  601  570
  520  462  404  352  306  265  228  197  177
    15.0-180.0 180.0   5.0 450.0                            LAT/LON1/LON2/DLON/H
  180  168  159  150  145  157  186  227  275  326  381  437  489  533  567  594
  616  636  658  683  712  755  823  911  987 1029 1049 1065 1076 1071 1053 1034
 1018 1001  976  938  887  836  800  779  762  746  733  719  698  667  630  600
  583  577  574  560  534  515  519  540  563  582  596  606  610  606  592  559
  510  452  395  344  303  268  234  203  180
    12.5-180.0 180.0   5.0 450.0                            LAT/LON1/LON2/DLON/H
  186  169  158  147  145  159  190  233  281  332  386  440  492  537  575  606
  632  657  683  714  752  805  882  973 1044 1073 1078 1082 1084 1072 1050 1030
 1015  993  958  909  852  802  778  772  772  769  762  742  706  654  596  549
  518  501  489  473  450  439  454  490  530  565  589  600  599  590  569  533
  483  427  373  326  292  264  237  209  186
    10.0-180.0 180.0   5.0 450.0                            LAT/LON1/LON2/DLON/H
  191  171  156  144  143  160  193  237  286  337  388  439  488  532  572  608
  639  669  701  739  787  849  928 1011 1068 1079 1067 1057 1051 1039 1022 1009
 1001  980  939  885  829  787  776  786  798  803  792  760  706  634  559  500
  462  441  430  418  403  399  423  468  518  562  590  598  590  570  539  496
  445  393  343  303  276  256  236  214  191
     7.5-180.0 180.0   5.0 450.0                            LAT/LON1/LON2/DLON/H
  194  172  153  141  140  158  193  238  288  339  389  436  481  523  564  604
  640  675  714  759  816  885  960 1024 1058 1049 1021 1002  993  987  981  981
  983  968  930  880  835  809  811  828  841  841  821  774  703  617  533  472
  439  427  427  425  416  415  438  482  532  576  601  603  584  551  507  455
  402  353  312  279  258  245  232  216  194
     5.0-180.0 180.0   5.0 450.0                            LAT/LON1/LON2/DLON/H
  192  170  150  137  137  155  190  236  287  338  388  433  473  513  556  598
  638  678  722  773  837  910  976 1017 1025  998  960  937  931  934  942  956
  970  966  939  906  880  869  876  887  889  877  843  782  700  611  533  484
  467  470  481  486  477  469  483  518  560  597  615  607  577  530  473  413
  357  314  283  259  243  232  224  212  192
     2.5-180.0 180.0   5.0 450.0                            LAT/LON1/LON2/DLON/H
  185  164  145  133  133  151  185  231  283  336  386  431  470  509  551  595
  637  679  726  782  849  921  976  996  982  943  902  882  885  900  921  947
  969  976  967  956  948  948  951  945  928  898  849  780  700  622  561  530
  530  546  565  572  558  539  539  560  590  616  624  606  564  505  438  371
  314  277  258  242  228  218  210  201  185
