GPS-project/datasets/gim/jplg1090.23i
     1.0            IONOSPHERE MAPS     GPS                 IONEX VERSION / TYPE
GIM V3.0            JPL - GNISD         22-apr-2023 01:00   PGM / RUN BY / DATE 
JPL'S GLOBAL IONOSPHERE MAPS YEAR 2023 DAY 109              COMMENT             
Global Ionospheric Maps (GIM) are generated on an hourly    DESCRIPTION         
and daily basis at JPL using data from up to 100 GPS sites  DESCRIPTION         
of the IGS and others institutions.                         DESCRIPTION         
The vertical TEC is modeled in a solar-geomagnetic          DESCRIPTION         
reference frame using bi-cubic splines on a spherical grid. DESCRIPTION         
A Kalman filter is used to solve simultaneously for         DESCRIPTION         
instrumental biases and VTEC on the grid (as stochastic     DESCRIPTION         
parameters).                                                DESCRIPTION         
Contact Address:  gpsiono@cobra.jpl.nasa.gov .              DESCRIPTION         
  2023     4    19     0     0     0                        EPOCH OF FIRST MAP  
  2023     4    20     0     0     0                        EPOCH OF LAST MAP   
  7200                                                      INTERVAL            
    13                                                      # OF MAPS IN FILE   
  NONE                                                      MAPPING FUNCTION    
    10.0                                                    ELEVATION CUTOFF    
One-way carrier phase leveled to code                       OBSERVABLES USED    
   170                                                      # OF STATIONS       
  6371.0                                                    BASE RADIUS         
     2                                                      MAP DIMENSION       
   450.0 450.0   0.0                                        HGT1 / HGT2 / DHGT  
    87.5 -87.5  -2.5                                        LAT1 / LAT2 / DLAT  
  -180.0 180.0   5.0                                        LON1 / LON2 / DLON  
    -1                                                      EXPONENT            
TEC/RMS values in 0.1 TECU; 9999, if no value available     COMMENT             
                                                            END OF HEADER       
     1                                                      START OF TEC MAP    
  2023     4    19     0     0     0                        EPOCH OF CURRENT MAP
    87.5-180.0 180.0   5.0 450.0                            LAT/LON1/LON2/DLON/H
  215  217  218  220  221  223  224  225  226  227  228  228  229  229  229  228
  228  227  227  226  225  223  222  220  219  217  215  214  212  210  208  206
  205  203  201  200  198  197  196  194  193  192  192  191  190  190  190  189
  189  189  190  190  190  191  191  192  193  194  195  196  197  198  199  201
  202  204  205  207  208  210  212  213  215
    85.0-180.0 180.0   5.0 450.0                            LAT/LON1/LON2/DLON/H
  215  219  222  226  229  232  235  238  240  242  243  244  245  245  245  245
  244  242  241  239  236  234  231  227  224  221  217  213  210  206  202  199
  195  192  189  186  183  181  179  177  175  174  173  172  171  171  171  171
  171  171  171  172  173  173  174  175  177  178  179  181  183  185  187  189
  191  194  196  199  202  205  209  212  215
    82.5-180.0 180.0   5.0 450.0                            LAT/LON1/LON2/DLON/H
  211  216  221  226  232  237  242  246  250  253  255  257  258  258  257  256
  254  252  249  246  242  238  233  229  224  218  213  208  202  197  192  187
  182  177  173  169  166  163  160  158  156  155  154  153  153  153  153  153
  154  154  155  156  157  158  159  161  162  164  166  167  169  172  174  177
  179  182  186  189  193  197  201  206  211
    80.0-180.0 180.0   5.0 450.0                            LAT/LON1/LON2/DLON/H
  205  211  218  225  232  239  246  252  257  261  264  266  266  265  263  261
  257  253  249  244  239  234  228  222  216  209  203  196  190  183  177  171
  166  161  156  152  148  145  142  140  139  137  137  136  136  136  137  138
  139  140  141  142  144  145  147  149  151  152  154  157  159  161  164  166
  169  172  176  179  184  188  193  199  205
    77.5-180.0 180.0   5.0 450.0                            LAT/LON1/LON2/DLON/H
  200  207  215  224  233  242  251  258  264  269  271  272  270  268  263  258
  252  246  239  232  226  219  213  206  199  192  186  179  172  166  159  153
  147  142  138  134  130  128  125  124  122  122  121  122  122  123  123  125
  126  127  129  131  133  135  138  140  143  145  148  150  153  156  159  162
  165  168  171  174  178  183  187  193  200
    75.0-180.0 180.0   5.0 450.0                            LAT/LON1/LON2/DLON/H
  199  207  216  226  236  247  256  265  271  275  277  276  272  266  259  251
  241  232  222  213  205  197  189  182  176  170  164  158  152  145  140  134
  129  124  120  117  114  112  110  109  109  109  109  110  110  111  113  114
  116  118  120  122  125  128  132  135  139  143  146  150  154  158  161  165
  168  171  175  178  181  184  188  193  199
    72.5-180.0 180.0   5.0 450.0                            LAT/LON1/LON2/DLON/H
  205  211  220  229  240  251  262  271  278  282  283  280  274  266  255  243
  230  218  205  193  183  173  165  157  151  146  141  137  133  128  122  117
  112  108  105  102  100   99   98   98   98   99  100  101  102  103  105  106
  108  110  113  116  120  125  130  135  140  145  151  156  161  165  170  175
  179  182  186  188  191  193  196  200  205
    70.0-180.0 180.0   5.0 450.0                            LAT/LON1/LON2/DLON/H
  215  220  227  235  245  256  267  276  284  288  289  286  280  270  257  242
  226  209  194  180  167  156  147  139  132  127  124  122  120  117  112  107
  102   98   94   92   91   90   90   90   91   92   94   96   97   99  100  102
  103  106  109  113  119  125  132  140  147  154  161  168  174  179  185  190
  194  198  202  205  207  208  210  212  215
    67.5-180.0 180.0   5.0 450.0                            LAT/LON1/LON2/DLON/H
  228  230  234  240  249  258  269  279  288  294  296  295  289  279  265  249
  232  214  197  180  166  153  143  133  126  120  118  118  118  116  112  107
  100   95   91   88   87   86   86   87   88   90   92   94   96   98   99  100
  102  104  108  114  121  130  140  150  160  169  178  186  192  198  203  208
  213  217  221  223  225  226  226  227  228
    65.0-180.0 180.0   5.0 450.0                            LAT/LON1/LON2/DLON/H
  241  241  242  245  251  259  269  279  289  298  303  304  300  292  280  265
  249  232  214  198  183  169  157  146  137  130  127  126  126  125  121  115
  108  101   96   93   91   90   90   90   90   92   94   96   99  100  101  102
  104  106  111  118  127  139  152  166  179  191  202  210  217  221  225  228
  232  235  239  242  243  243  243  242  241
    62.5-180.0 180.0   5.0 450.0                            LAT/LON1/LON2/DLON/H
  253  251  250  251  254  260  268  277  288  298  306  311  311  307  298  287
  274  259  244  229  215  201  188  176  164  155  149  147  146  144  139  132
  123  115  109  105  103  101   99   98   97   98  100  102  104  106  106  107
  108  111  116  125  137  152  169  187  203  218  229  238  244  247  249  250
  251  253  255  258  259  259  257  255  253
    60.0-180.0 180.0   5.0 450.0                            LAT/LON1/LON2/DLON/H
  265  263  262  261  262  265  270  278  287  298  308  315  320  320  317  311
  302  292  280  268  255  243  230  216  202  191  183  178  175  171  164  156
  146  137  129  124  121  117  114  111  109  109  110  112  114  114  114  114
  115  118  124  134  148  166  187  209  229  246  259  269  274  275  274  272
  271  271  272  273  274  272  270  268  265
    57.5-180.0 180.0   5.0 450.0                            LAT/LON1/LON2/DLON/H
  281  280  279  278  277  278  280  285  292  301  311  320  327  332  334  333
  330  325  318  308  298  287  275  261  247  234  225  217  211  204  195  184
  173  162  153  147  142  137  132  128  124  123  123  125  126  126  125  125
  125  128  134  145  160  181  205  230  254  273  288  299  304  305  302  298
  294  292  291  291  290  287  285  282  281
    55.0-180.0 180.0   5.0 450.0                            LAT/LON1/LON2/DLON/H
  302  303  305  306  305  304  303  303  306  312  318  326  334  341  347  352
  354  354  350  345  337  328  318  306  293  281  271  262  252  240  228  214
  200  188  178  170  163  157  151  146  142  140  140  141  141  141  139  137
  137  139  146  157  173  196  222  250  275  297  315  327  334  335  332  327
  322  318  316  313  311  307  304  302  302
    52.5-180.0 180.0   5.0 450.0                            LAT/LON1/LON2/DLON/H
  332  336  340  343  343  342  340  337  335  333  334  337  343  351  359  368
  374  378  378  375  369  363  356  346  336  326  317  306  292  276  258  241
  225  210  199  189  182  175  169  164  160  158  158  158  158  157  155  153
  152  153  159  169  186  209  237  266  293  317  337  352  361  364  364  360
  355  351  347  343  338  334  331  330  332
    50.0-180.0 180.0   5.0 450.0                            LAT/LON1/LON2/DLON/H
  371  377  383  388  390  390  387  382  375  368  360  355  356  361  370  381
  391  398  401  400  396  392  387  379  370  362  354  342  326  305  283  262
  243  226  213  203  196  190  185  181  178  176  177  177  178  176  174  170
  168  168  173  183  199  222  250  280  308  334  355  373  385  393  395  395
  392  389  385  380  375  370  368  368  371
    47.5-180.0 180.0   5.0 450.0                            LAT/LON1/LON2/DLON/H
  420  426  432  438  441  442  440  434  424  409  393  379  372  373  381  393
  405  415  420  421  419  417  412  402  391  382  375  364  346  322  297  273
  252  234  221  212  206  202  198  196  194  193  195  196  197  196  193  189
  186  185  188  197  212  234  262  292  321  348  371  390  406  418  425  429
  430  430  427  422  418  415  414  416  420
    45.0-180.0 180.0   5.0 450.0                            LAT/LON1/LON2/DLON/H
  475  480  486  490  493  495  493  487  474  454  429  406  392  388  392  404
  418  429  436  438  438  437  429  414  395  382  374  365  348  323  297  273
  253  237  226  218  214  211  209  208  207  208  211  214  216  216  213  208
  203  200  202  210  225  247  275  305  334  359  382  404  422  438  450  460
  466  470  470  468  465  465  467  471  475
    42.5-180.0 180.0   5.0 450.0                            LAT/LON1/LON2/DLON/H
  534  538  541  543  543  543  541  535  522  498  467  437  415  405  406  416
  430  443  450  454  455  453  440  412  379  358  350  346  333  313  290  269
  251  238  229  224  221  220  219  219  219  222  226  231  233  233  230  225
  219  214  215  222  238  261  289  319  346  370  392  413  433  452  469  484
  497  507  512  513  515  518  523  529  534
    40.0-180.0 180.0   5.0 450.0                            LAT/LON1/LON2/DLON/H
  593  596  597  595  593  589  585  577  563  538  505  470  443  427  423  430
  443  456  464  468  470  465  444  401  352  321  314  316  311  298  281  264
  251  242  236  233  232  231  230  230  231  235  240  245  248  247  244  238
  231  226  226  233  249  273  303  332  357  379  399  419  440  461  482  503
  523  540  551  558  564  571  580  588  593
    37.5-180.0 180.0   5.0 450.0                            LAT/LON1/LON2/DLON/H
  651  654  653  649  643  635  626  616  601  576  543  507  476  455  446  449
  460  471  478  482  483  475  446  388  325  285  280  289  294  288  277  266
  258  253  250  248  245  244  243  243  245  249  254  258  259  257  253  248
  240  234  233  241  258  284  315  345  369  388  406  424  445  467  492  518
  544  568  586  599  610  622  634  644  651
    35.0-180.0 180.0   5.0 450.0                            LAT/LON1/LON2/DLON/H
  706  710  711  706  696  682  668  654  637  613  582  548  516  492  478  475
  481  489  494  495  494  482  446  379  306  263  260  277  291  293  287  280
  274  272  269  266  262  260  259  261  264  267  269  269  267  263  260  255
  248  241  239  246  264  291  324  355  379  396  412  430  450  473  500  530
  562  592  616  635  651  668  684  697  706
    32.5-180.0 180.0   5.0 450.0                            LAT/LON1/LON2/DLON/H
  759  767  770  767  755  736  715  696  676  653  626  594  562  535  516  508
  508  511  511  509  503  487  448  379  307  266  268  291  310  316  311  303
  299  296  292  286  282  279  280  284  288  289  287  282  276  270  266  262
  254  246  242  247  265  294  329  362  387  405  421  437  457  480  509  542
  577  611  640  663  685  707  728  746  759
    30.0-180.0 180.0   5.0 450.0                            LAT/LON1/LON2/DLON/H
  811  825  833  832  820  797  770  743  720  698  673  644  613  583  559  545
  539  535  530  522  511  491  453  391  329  296  302  326  345  350  343  333
  327  323  316  307  301  301  306  312  316  314  307  298  288  280  275  271
  262  251  243  245  261  292  330  366  394  414  430  447  466  490  519  553
  590  625  655  682  708  738  767  792  811
    27.5-180.0 180.0   5.0 450.0                            LAT/LON1/LON2/DLON/H
  863  884  899  903  891  865  832  799  770  747  724  697  666  633  604  583
  570  559  547  534  518  496  462  413  368  346  354  373  387  387  375  362
  355  349  338  325  320  323  332  341  344  339  328  315  304  296  290  283
  272  257  243  240  255  286  327  366  399  422  440  457  477  501  531  565
  601  634  663  691  722  760  800  835  863
    25.0-180.0 180.0   5.0 450.0                            LAT/LON1/LON2/DLON/H
  916  947  969  978  969  941  903  863  828  802  779  753  720  684  649  620
  599  581  562  543  523  501  476  445  419  408  414  424  426  417  401  386
  378  371  356  340  335  342  355  365  367  359  347  335  327  319  310  299
  283  264  245  237  248  280  323  365  402  428  449  468  489  514  545  578
  611  641  668  695  730  776  827  876  916
    22.5-180.0 180.0   5.0 450.0                            LAT/LON1/LON2/DLON/H
  964 1008 1040 1057 1052 1025  983  936  894  862  838  811  776  734  691  654
  625  599  574  549  527  509  496  486  479  476  476  470  454  433  413  399
  394  387  369  350  346  356  371  379  379  370  361  355  353  346  333  316
  296  273  250  236  245  276  319  364  403  433  456  477  502  529  560  592
  621  648  673  700  736  789  851  911  964
    20.0-180.0 180.0   5.0 450.0                            LAT/LON1/LON2/DLON/H
 1002 1057 1102 1131 1136 1116 1074 1020  968  929  901  872  833  785  734  687
  648  614  581  552  530  521  523  533  542  542  530  503  465  433  411  402
  401  397  377  355  351  363  377  381  377  371  368  372  377  372  355  332
  309  283  258  241  247  276  317  362  404  435  460  485  514  545  576  607
  634  658  682  708  746  802  870  938 1002
    17.5-180.0 180.0   5.0 450.0                            LAT/LON1/LON2/DLON/H
 1019 1084 1140 1184 1206 1200 1166 1112 1052 1002  967  935  893  840  780  722
  673  631  590  556  537  536  552  579  599  597  570  520  463  420  398  393
  398  397  378  355  351  363  374  373  366  364  369  382  394  391  371  344
  319  294  269  252  254  279  317  361  402  435  462  491  526  561  593  622
  648  672  697  726  764  818  883  952 1019
    15.0-180.0 180.0   5.0 450.0                            LAT/LON1/LON2/DLON/H
 1008 1074 1141 1201 1244 1260 1242 1196 1133 1076 1035 1002  958  899  830  763
  704  653  606  568  549  554  581  617  640  630  588  519  446  396  376  376
  385  387  371  350  347  359  367  361  352  353  366  386  401  399  377  348
  324  303  280  263  263  284  317  359  399  432  461  495  536  576  608  636
  662  687  716  749  787  834  888  946 1008
    12.5-180.0 180.0   5.0 450.0                            LAT/LON1/LON2/DLON/H
  964 1020 1089 1165 1233 1276 1283 1254 1197 1138 1097 1067 1026  964  888  812
  744  687  635  592  571  576  603  638  654  632  575  494  415  365  347  350
  363  369  359  344  343  355  362  352  341  343  360  382  397  394  372  344
  323  306  287  272  270  286  316  354  395  428  459  497  544  588  621  647
  672  699  733  771  809  848  885  921  964
    10.0-180.0 180.0   5.0 450.0                            LAT/LON1/LON2/DLON/H
  903  936  992 1070 1156 1231 1272 1269 1228 1176 1141 1119 1085 1026  949  868
  795  734  680  633  605  601  616  635  632  592  525  443  371  330  319  324
  339  350  347  339  342  356  362  352  339  340  354  372  383  379  358  332
  314  301  287  273  271  284  310  347  387  422  455  497  549  595  628  652
  676  705  743  787  826  857  877  887  903
     7.5-180.0 180.0   5.0 450.0                            LAT/LON1/LON2/DLON/H
  844  849  881  945 1033 1124 1195 1226 1212 1178 1157 1148 1126 1075 1003  922
  848  788  735  684  646  625  616  606  576  520  451  380  327  302  299  306
  322  336  340  340  349  365  373  362  346  342  349  359  364  357  336  313
  297  286  274  264  263  275  300  337  378  413  448  494  549  598  629  650
  671  700  741  790  833  860  868  857  844
     5.0-180.0 180.0   5.0 450.0                            LAT/LON1/LON2/DLON/H
  811  788  791  830  902  992 1077 1132 1145 1135 1133 1142 1135 1099 1037  962
  892  837  787  734  685  642  605  563  506  438  377  327  299  292  297  306
  321  336  344  351  365  383  391  378  358  345  342  342  341  332  311  288
  271  260  251  244  246  259  286  324  365  402  439  488  546  595  624  642
  660  686  727  779  827  859  865  844  811
     2.5-180.0 180.0   5.0 450.0                            LAT/LON1/LON2/DLON/H
  828  786  758  762  804  875  956 1020 1051 1059 1073 1094 1104 1087 1041  978
  916  868  822  769  709  647  584  515  440  372  328  306  303  312  322  333
  345  356  362  370  385  402  408  393  366  345  331  323  316  305  284  259
  239  228  220  217  223  239  268  307  350  388  427  477  536  585  613  629
  642  665  705  758  812  854  874  863  828
