GPS-project/datasets/gim/jplg1090.23i
     1.0            IONOSPHERE MAPS     GPS                 IONEX VERSION / TYPE
GIM V3.0            JPL - GNISD         22-apr-2023 01:00   PGM / RUN BY / DATE 
JPL'S GLOBAL IONOSPHERE MAPS YEAR 2023 DAY 109              COMMENT             
Global Ionospheric Maps (GIM) are generated on an hourly    DESCRIPTION         
and daily basis at JPL using data from up to 100 GPS sites  DESCRIPTION         
of the IGS and others institutions.                         DESCRIPTION         
The vertical TEC is modeled in a solar-geomagnetic          DESCRIPTION         
reference frame using bi-cubic splines on a spherical grid. DESCRIPTION         
A Kalman filter is used to solve simultaneously for         DESCRIPTION         
instrumental biases and VTEC on the grid (as stochastic     DESCRIPTION         
parameters).                                                DESCRIPTION         
Contact Address:  gpsiono@cobra.jpl.nasa.gov .              DESCRIPTION         
  2023     4    19     0     0     0                        EPOCH OF FIRST MAP  
  2023     4    20     0     0     0                        EPOCH OF LAST MAP   
  7200                                                      INTERVAL            
    13                                                      # OF MAPS IN FILE   
  NONE                                                      MAPPING FUNCTION    
    10.0                                                    ELEVATION CUTOFF    
One-way carrier phase leveled to code                       OBSERVABLES USED    
   170                                                      # OF STATIONS       
  6371.0                                                    BASE RADIUS         
     2                                                      MAP DIMENSION       
   450.0 450.0   0.0                                        HGT1 / HGT2 / DHGT  
    87.5 -87.5  -2.5                                        LAT1 / LAT2 / DLAT  
  -180.0 180.0   5.0                                        LON1 / LON2 / DLON  
    -1                                                      EXPONENT            
TEC/RMS values in 0.1 TECU; 9999, if no value available     COMMENT             
                                                            END OF HEADER       
[from data line 4719]
    12                                                      START OF TEC MAP    
  2023     4    19    22     0     0                        EPOCH OF CURRENT MAP
    87.5-180.0 180.0   5.0 450.0                            LAT/LON1/LON2/DLON/H
  177  179  180  181  182  183  183  184  184  185  185  185  186  186  185  185
  185  184  184  183  182  182  181  180  179  178  177  176  175  174  173  172
  171  170  169  168  167  166  165  164  163  162  161  161  160  159  159  158
  158  157  157  157  157  158  158  158  159  160  160  161  162  163  165  166
  167  168  170  171  172  174  175  176  177
    85.0-180.0 180.0   5.0 450.0                            LAT/LON1/LON2/DLON/H
  180  182  185  187  189  190  192  193  195  195  196  197  197  197  196  196
  195  194  192  191  189  188  186  184  182  180  178  177  175  173  172  170
  169  167  165  164  162  161  159  157  155  154  152  150  148  147  145  144
  143  142  141  141  141  141  142  142  144  145  147  149  151  153  155  158
  160  163  165  168  170  173  175  178  180
    82.5-180.0 180.0   5.0 450.0                            LAT/LON1/LON2/DLON/H
  180  183  186  189  192  195  198  200  202  204  205  206  207  207  206  205
  204  202  200  197  194  191  188  185  182  180  177  174  172  170  168  166
  164  162  160  159  157  155  153  151  148  146  143  141  138  135  133  131
  128  127  126  125  124  125  126  127  129  131  134  137  140  143  146  150
  153  157  160  164  167  170  174  177  180
    80.0-180.0 180.0   5.0 450.0                            LAT/LON1/LON2/DLON/H
  178  181  185  189  192  196  200  203  207  210  213  215  216  217  217  215
  214  211  208  204  199  195  190  185  181  177  173  169  166  163  161  159
  157  155  153  152  150  148  146  143  141  138  135  132  129  125  122  119
  116  113  112  111  111  111  113  115  118  121  125  129  132  136  140  144
  148  152  156  159  163  167  170  174  178
    77.5-180.0 180.0   5.0 450.0                            LAT/LON1/LON2/DLON/H
  174  177  181  185  189  193  198  203  208  213  217  221  224  226  227  226
  224  221  216  211  205  198  191  185  179  173  168  164  160  157  154  152
  150  148  146  145  143  141  138  136  133  130  127  124  120  116  112  108
  105  102  101  100  101  102  105  108  113  117  122  126  130  134  138  142
  146  149  153  157  160  164  167  170  174
    75.0-180.0 180.0   5.0 450.0                            LAT/LON1/LON2/DLON/H
  170  173  176  179  183  187  192  198  204  211  218  224  230  234  236  236
  234  230  225  218  211  202  194  185  177  170  164  159  155  152  150  148
  146  145  143  140  138  135  132  130  127  123  120  116  112  108  103  100
   96   94   93   93   94   97  102  107  112  118  124  128  133  137  140  144
  147  150  153  156  160  162  165  168  170
    72.5-180.0 180.0   5.0 450.0                            LAT/LON1/LON2/DLON/H
  169  170  171  173  176  180  185  191  198  207  215  224  231  237  240  241
  240  237  231  224  216  207  197  187  178  170  163  158  154  151  150  148
  147  145  143  140  137  133  130  126  122  118  114  110  106  101   97   93
   89   87   87   88   90   95  100  107  114  121  128  133  137  141  144  147
  150  153  156  159  162  164  166  168  169
    70.0-180.0 180.0   5.0 450.0                            LAT/LON1/LON2/DLON/H
  171  171  170  170  171  174  178  184  191  200  210  219  228  234  239  241
  241  239  234  228  220  211  201  191  181  173  166  162  158  157  156  155
  154  151  148  144  140  135  130  125  121  116  111  106  101   96   92   87
   84   82   82   83   87   92   99  107  115  123  130  136  141  145  148  151
  154  158  161  164  167  169  171  171  171
    67.5-180.0 180.0   5.0 450.0                            LAT/LON1/LON2/DLON/H
  177  175  173  171  170  171  173  178  185  193  203  212  220  226  231  234
  236  235  233  228  222  215  206  197  189  181  176  172  169  168  168  166
  164  161  157  151  145  139  133  127  122  117  111  106  100   94   89   84
   81   79   78   80   83   89   96  104  113  121  129  135  141  146  150  154
  159  163  167  171  174  176  178  178  177
    65.0-180.0 180.0   5.0 450.0                            LAT/LON1/LON2/DLON/H
  186  183  179  176  174  172  173  176  181  188  195  203  210  216  220  224
  226  228  228  226  223  218  213  206  200  195  191  188  187  186  184  182
  178  173  166  159  152  144  138  131  125  120  114  108  101   95   89   84
   79   77   75   76   78   82   89   96  104  113  121  129  136  143  150  156
  162  167  173  178  182  185  187  187  186
    62.5-180.0 180.0   5.0 450.0                            LAT/LON1/LON2/DLON/H
  198  194  190  185  181  178  177  178  180  185  190  195  200  205  209  213
  217  220  222  224  224  224  222  219  216  213  210  209  208  207  204  200
  193  185  175  166  157  149  142  136  131  125  119  113  106   99   92   86
   81   77   74   73   73   76   80   86   93  101  110  119  129  138  148  157
  165  172  179  185  191  196  199  200  198
    60.0-180.0 180.0   5.0 450.0                            LAT/LON1/LON2/DLON/H
  213  209  203  197  191  187  184  183  183  185  188  191  194  197  200  204
  209  214  219  224  228  232  234  235  235  235  234  234  232  230  225  218
  208  195  182  170  160  153  147  142  138  133  127  121  114  107   99   92
   86   81   76   73   71   71   73   77   83   91  100  111  123  135  147  158
  169  177  185  193  201  208  213  215  213
    57.5-180.0 180.0   5.0 450.0                            LAT/LON1/LON2/DLON/H
  231  226  219  212  206  200  196  193  191  190  191  191  192  194  197  201
  207  214  221  230  237  244  250  255  258  260  261  261  259  254  247  235
  220  203  187  173  163  156  152  149  146  142  138  132  125  117  110  102
   95   88   83   78   74   72   71   73   77   85   96  108  121  135  149  162
  174  184  193  203  213  222  229  233  231
    55.0-180.0 180.0   5.0 450.0                            LAT/LON1/LON2/DLON/H
  252  246  238  230  224  218  212  207  203  201  199  198  198  199  201  205
  212  221  231  242  253  263  272  280  286  289  291  289  285  278  266  251
  231  211  191  175  164  159  156  156  155  153  150  145  138  131  123  115
  107  101   94   88   83   79   76   76   80   88   99  113  128  142  156  169
  182  193  203  214  227  239  248  253  252
    52.5-180.0 180.0   5.0 450.0                            LAT/LON1/LON2/DLON/H
  275  269  262  254  247  240  233  227  221  218  215  213  212  212  213  217
  225  235  247  261  274  287  298  308  316  320  321  318  310  298  282  263
  240  216  194  177  167  162  162  163  165  165  163  159  153  146  138  131
  124  117  111  105   99   94   90   88   91   99  112  127  141  155  168  180
  193  204  216  229  244  258  270  276  275
    50.0-180.0 180.0   5.0 450.0                            LAT/LON1/LON2/DLON/H
  302  297  290  282  275  268  260  252  246  242  239  237  235  234  235  238
  245  256  270  284  299  314  327  338  347  351  350  343  331  314  293  269
  243  218  195  179  170  167  168  172  176  178  178  174  169  162  155  149
  143  138  133  127  120  114  108  105  107  115  130  146  160  172  183  195
  207  219  232  247  263  280  293  301  302
    47.5-180.0 180.0   5.0 450.0                            LAT/LON1/LON2/DLON/H
  332  330  325  317  309  301  292  283  277  274  272  271  269  268  267  268
  274  283  296  311  326  341  355  368  376  379  375  364  345  321  295  268
  242  217  196  182  174  173  176  182  188  191  192  190  185  179  173  167
  163  159  155  150  143  136  128  124  124  134  149  166  180  191  201  212
  225  239  253  269  286  304  319  329  332
    45.0-180.0 180.0   5.0 450.0                            LAT/LON1/LON2/DLON/H
  368  369  366  359  350  340  329  319  313  312  313  314  313  310  308  307
  309  315  326  339  352  367  381  393  402  403  395  377  351  320  289  261
  236  214  196  185  180  180  185  193  200  205  206  204  201  195  189  185
  182  180  177  172  165  157  148  141  141  150  167  185  199  210  220  233
  247  263  278  295  313  332  349  361  368
    42.5-180.0 180.0   5.0 450.0                            LAT/LON1/LON2/DLON/H
  408  413  412  406  396  384  371  360  355  356  360  363  362  359  355  351
  349  351  357  366  376  388  401  414  422  420  407  383  350  312  279  251
  230  212  198  190  187  189  196  205  212  218  220  219  215  210  204  200
  197  196  195  191  184  175  164  156  154  163  181  200  215  228  241  257
  275  293  309  327  345  364  383  398  408
    40.0-180.0 180.0   5.0 450.0                            LAT/LON1/LON2/DLON/H
  453  461  463  457  446  432  417  405  401  405  412  416  416  412  405  397
  391  388  389  393  399  407  418  430  437  432  415  385  345  304  269  245
  228  214  204  198  197  201  208  217  225  230  232  231  228  222  215  211
  208  208  208  205  198  189  177  168  165  174  192  212  230  246  264  285
  308  328  346  363  382  401  421  439  453
    37.5-180.0 180.0   5.0 450.0                            LAT/LON1/LON2/DLON/H
  502  513  516  511  498  482  466  454  451  458  466  471  470  464  455  444
  435  427  422  420  421  426  434  444  449  441  420  386  342  299  266  247
  235  225  217  212  210  214  222  231  238  242  244  243  238  231  223  218
  216  216  217  215  209  199  188  177  174  184  203  225  246  266  290  318
  345  368  386  403  422  442  464  485  502
    35.0-180.0 180.0   5.0 450.0                            LAT/LON1/LON2/DLON/H
  554  566  570  564  552  536  520  508  507  514  523  527  523  515  502  489
  477  467  458  451  447  447  452  458  459  448  425  389  344  302  274  262
  254  246  238  231  229  231  237  244  249  252  253  252  247  238  230  224
  222  223  223  222  216  207  196  186  184  195  216  241  265  291  321  354
  385  409  427  443  462  484  509  533  554
    32.5-180.0 180.0   5.0 450.0                            LAT/LON1/LON2/DLON/H
  606  620  624  618  606  591  578  568  567  575  583  584  577  564  547  531
  518  506  495  484  477  473  473  473  469  455  431  396  353  314  293  287
  283  275  265  257  252  252  254  257  259  260  262  261  256  246  237  231
  229  229  228  226  220  212  202  195  196  209  232  261  290  321  357  394
  426  449  466  481  500  524  553  582  606
    30.0-180.0 180.0   5.0 450.0                            LAT/LON1/LON2/DLON/H
  658  675  679  674  663  651  641  634  634  641  647  644  632  612  590  570
  556  545  533  521  511  504  499  492  480  464  441  407  367  334  319  319
  318  309  297  288  282  277  272  270  268  269  271  271  266  257  249  243
  240  238  234  229  222  215  208  204  208  224  251  284  319  356  396  435
  466  486  500  514  533  560  594  630  658
    27.5-180.0 180.0   5.0 450.0                            LAT/LON1/LON2/DLON/H
  709  730  738  736  728  718  711  707  707  712  715  708  690  663  633  609
  593  581  569  556  545  537  527  513  495  476  454  423  386  357  348  354
  355  346  333  324  317  306  294  284  280  279  281  283  280  273  266  262
  257  251  242  232  223  216  212  212  219  239  269  306  347  391  435  474
  502  519  529  540  559  590  630  673  709
    25.0-180.0 180.0   5.0 450.0                            LAT/LON1/LON2/DLON/H
  757  787  802  806  802  796  790  787  786  787  787  777  753  717  678  647
  627  613  600  587  577  568  556  538  516  495  473  443  408  382  377  386
  390  380  368  361  353  337  317  302  294  293  296  299  298  294  290  285
  278  266  250  236  224  217  214  217  227  248  281  322  369  419  467  505
  531  545  552  561  580  613  660  712  757
    22.5-180.0 180.0   5.0 450.0                            LAT/LON1/LON2/DLON/H
  802  843  871  887  890  885  878  873  869  866  863  851  821  775  726  686
  658  639  623  610  602  595  585  566  544  523  499  468  433  406  402  413
  418  410  399  393  385  364  340  322  314  313  316  319  320  319  316  310
  300  282  260  241  226  218  215  219  229  251  284  328  380  435  487  526
  551  564  570  579  599  634  686  746  802
    20.0-180.0 180.0   5.0 450.0                            LAT/LON1/LON2/DLON/H
  839  893  938  972  989  986  974  963  955  950  945  929  893  838  778  726
  687  659  638  625  619  617  611  597  579  559  533  497  457  428  421  431
  437  430  421  417  406  384  360  345  340  339  340  342  343  343  341  333
  318  296  270  248  231  220  215  216  225  243  275  321  377  437  492  533
  558  574  584  596  617  654  708  774  839
    17.5-180.0 180.0   5.0 450.0                            LAT/LON1/LON2/DLON/H
  863  929  990 1044 1079 1084 1070 1055 1044 1037 1030 1012  970  906  835  771
  720  681  653  637  634  636  637  630  619  600  569  525  478  443  432  438
  442  437  431  426  413  390  373  369  369  368  367  366  365  365  360  349
  331  306  279  255  236  222  213  210  215  229  259  304  362  425  484  527
  555  577  595  614  638  674  727  794  863
    15.0-180.0 180.0   5.0 450.0                            LAT/LON1/LON2/DLON/H
  869  939 1013 1087 1141 1157 1146 1134 1127 1123 1118 1099 1052  980  899  823
  760  711  674  654  651  659  666  666  659  640  600  547  493  450  430  430
  432  428  426  422  407  388  383  392  399  398  394  389  386  382  373  357
  335  309  284  262  241  224  210  202  201  211  237  281  339  406  468  514
  546  575  605  633  662  696  743  803  869
    12.5-180.0 180.0   5.0 450.0                            LAT/LON1/LON2/DLON/H
  855  917  993 1081 1154 1186 1188 1185 1188 1194 1197 1182 1135 1060  972  886
  814  756  710  684  679  690  701  703  695  671  622  559  496  444  415  407
  406  406  411  412  398  384  392  414  427  426  419  411  403  392  377  355
  330  306  284  264  243  223  205  193  187  193  215  256  314  383  448  498
  535  572  612  651  685  718  756  802  855
    10.0-180.0 180.0   5.0 450.0                            LAT/LON1/LON2/DLON/H
  831  872  933 1015 1099 1154 1179 1195 1214 1237 1254 1248 1207 1136 1047  958
  883  821  768  731  723  735  746  742  724  688  627  555  486  429  392  378
  376  383  398  406  396  388  406  437  453  450  439  427  414  396  373  346
  319  295  277  260  239  218  198  182  174  176  195  233  290  361  431  484
  526  569  619  666  706  739  769  799  831
     7.5-180.0 180.0   5.0 450.0                            LAT/LON1/LON2/DLON/H
  809  823  855  915  992 1060 1109 1149 1191 1236 1273 1284 1256 1195 1113 1029
  958  898  839  794  781  792  798  781  746  694  622  545  475  416  376  359
  358  371  397  415  412  410  432  462  473  466  451  435  415  390  360  328
  300  278  262  246  228  207  187  171  162  163  179  214  269  342  417  475
  521  568  623  677  723  759  784  800  809
     5.0-180.0 180.0   5.0 450.0                            LAT/LON1/LON2/DLON/H
  807  791  787  811  869  940 1002 1055 1113 1180 1242 1276 1268 1225 1158 1086
 1026  972  912  860  843  853  853  821  767  697  616  539  474  420  382  365
  365  385  419  447  451  451  467  485  485  470  450  429  404  373  338  304
  275  253  239  226  210  192  174  159  151  152  166  198  251  327  405  469
  519  568  623  681  735  779  807  816  807
     2.5-180.0 180.0   5.0 450.0                            LAT/LON1/LON2/DLON/H
  840  802  758  740  767  830  893  946 1006 1084 1164 1217 1231 1213 1171 1119
 1074 1030  972  917  898  908  903  860  791  708  621  550  497  455  425  411
  414  434  470  498  503  499  501  499  485  461  434  407  377  343  307  274
  246  225  212  200  187  173  159  147  140  142  154  183  236  312  394  462
  515  564  618  677  740  797  839  855  840
