GPS-project/c1pg1710.23i
     1.0            IONOSPHERE MAPS     GNSS                IONEX VERSION / TYPE
IONINX V5.5         AIUB                20-JUN-23 08:42     PGM / RUN BY / DATE 
CODE'S 1-DAY PREDICTED IONOSPHERE MAPS FOR DAY 171, 2023    COMMENT             
Global ionosphere maps (GIM) are generated on a daily basis DESCRIPTION         
at CODE using data from about 120 GNSS sites of the IGS and DESCRIPTION         
other institutions. The vertical total electron content     DESCRIPTION         
(VTEC) is modeled in a solar-geomagnetic reference frame    DESCRIPTION         
using a spherical harmonics expansion up to degree and      DESCRIPTION         
order 15. Piece-wise linear functions are used for          DESCRIPTION         
representation in the time domain. The time spacing of      DESCRIPTION         
their vertices is 1 hour, conforming with the epochs of the DESCRIPTION         
VTEC maps.                                                  DESCRIPTION         
To convert line-of-sight TEC into vertical TEC, a modified  DESCRIPTION         
single-layer model mapping function approximating the JPL   DESCRIPTION         
extended slab model mapping function is adopted. The        DESCRIPTION         
mapping function is evaluated at geodetic satellite         DESCRIPTION         
elevation angles. For the computation of the ionospheric    DESCRIPTION         
pierce points, a spherical layer with a radius of 6821 km   DESCRIPTION         
is assumed, implying geocentric, not geodetic IONEX         DESCRIPTION         
latitudes.                                                  DESCRIPTION         
Instrumental biases with respect to each involved GNSS code DESCRIPTION         
observable are estimated as constant values for each        DESCRIPTION         
day. They are modeled with one set of bias parameters for   DESCRIPTION         
each satellite and each station in case of GPS and for each DESCRIPTION         
satellite-station link in case of GLONASS. The code bias    DESCRIPTION         
datum is defined by zero-mean conditions imposed on the     DESCRIPTION         
satellite bias estimates. In this file, just GPS C1W-C2W    DESCRIPTION         
satellite and station bias values are included. The         DESCRIPTION         
complete set of GNSS code bias results is provided in an    DESCRIPTION         
additional Bias-SINEX file as pseudo-absolute values        DESCRIPTION         
specific to each observable.                                DESCRIPTION         
Contact address: code(at)aiub.unibe.ch                      DESCRIPTION         
Data archive:    ftp.aiub.unibe.ch/CODE/                    DESCRIPTION         
                 www.aiub.unibe.ch/download/CODE/           DESCRIPTION         
  2023     6    20     0     0     0                        EPOCH OF FIRST MAP  
  2023     6    21     0     0     0                        EPOCH OF LAST MAP   
  3600                                                      INTERVAL            
    25                                                      # OF MAPS IN FILE   
  NONE                                                      MAPPING FUNCTION    
    10.0                                                    ELEVATION CUTOFF    
One-way carrier phase leveled to code                       OBSERVABLES USED    
  6371.0                                                    BASE RADIUS         
     2                                                      MAP DIMENSION       
   450.0 450.0   0.0                                        HGT1 / HGT2 / DHGT  
    87.5 -87.5  -2.5                                        LAT1 / LAT2 / DLAT  
  -180.0 180.0   5.0                                        LON1 / LON2 / DLON  
    -1                                                      EXPONENT            
TEC/RMS values in 0.1 TECU; 9999, if no value available     COMMENT             
                                                            END OF HEADER       
[from data line 6006]
    15                                                      START OF TEC MAP    
  2023     6    20    14     0     0                        EPOCH OF CURRENT MAP
    87.5-180.0 180.0   5.0 450.0                            LAT/LON1/LON2/DLON/H
  199  199  198  198  198  198  198  198  198  198  198  198  198  198  198  198
  198  198  198  198  198  198  198  198  198  198  198  197  197  197  197  196
  196  196  196  196  196  196  196  196  196  196  197  197  197  198  198  199
  199  200  200  201  201  202  202  202  203  203  203  203  203  203  203  202
  202  202  201  201  201  200  200  199  199
    85.0-180.0 180.0   5.0 450.0                            LAT/LON1/LON2/DLON/H
  196  195  194  193  193  192  192  192  193  193  193  194  195  195  196  197
  198  199  199  200  200  200  201  201  200  200  200  199  198  198  197  196
  195  194  194  193  193  193  192  193  193  193  194  195  196  198  199  201
  202  204  205  206  208  209  210  210  211  211  211  210  210  209  208  207
  206  205  203  202  201  199  198  197  196
    82.5-180.0 180.0   5.0 450.0                            LAT/LON1/LON2/DLON/H
  189  187  185  184  183  183  182  183  183  184  185  187  188  190  192  194
  196  198  199  201  202  203  204  204  204  204  204  203  202  201  200  198
  197  196  194  193  192  192  191  191  192  193  194  195  197  200  202  205
  208  210  213  215  217  219  220  221  221  221  220  219  218  216  214  211
  209  206  203  201  198  195  193  191  189
    80.0-180.0 180.0   5.0 450.0                            LAT/LON1/LON2/DLON/H
  179  177  175  173  171  171  170  170  171  172  174  176  178  181  184  187
  190  193  196  199  202  204  206  207  208  208  208  207  207  206  205  203
  202  200  198  197  196  194  194  193  194  195  196  199  201  205  208  212
  216  219  223  226  228  230  231  231  231  229  228  225  223  219  216  212
  208  204  200  196  193  189  186  182  179
    77.5-180.0 180.0   5.0 450.0                            LAT/LON1/LON2/DLON/H
  171  168  165  163  161  159  159  158  159  160  161  163  166  169  173  177
  182  186  190  195  198  202  205  207  209  210  211  211  211  211  210  210
  208  207  206  204  202  201  199  199  199  200  201  204  207  211  216  220
  225  229  232  235  237  238  239  238  236  234  231  227  223  218  213  208
  204  199  194  190  186  182  178  174  171
    75.0-180.0 180.0   5.0 450.0                            LAT/LON1/LON2/DLON/H
  166  163  160  157  155  153  151  150  150  150  151  153  155  158  162  166
  171  177  182  188  193  198  202  205  208  210  212  213  214  215  216  216
  216  215  214  213  211  209  207  206  205  205  207  210  213  218  223  228
  232  236  239  242  242  242  241  239  235  231  227  222  217  211  206  200
  195  190  186  182  179  175  172  169  166
    72.5-180.0 180.0   5.0 450.0                            LAT/LON1/LON2/DLON/H
  165  163  160  157  155  152  150  148  147  146  146  147  148  150  153  157
  162  168  174  180  186  192  197  202  206  209  211  214  216  217  219  221
  222  222  222  221  219  216  214  212  210  210  212  215  218  223  228  233
  237  240  242  243  242  240  237  233  228  223  218  212  206  200  194  189
  185  181  178  175  173  171  169  168  165
    70.0-180.0 180.0   5.0 450.0                            LAT/LON1/LON2/DLON/H
  169  168  165  163  160  158  155  153  151  149  148  147  147  148  149  152
  157  162  168  174  181  188  194  199  203  207  210  212  215  218  220  223
  225  227  227  226  224  221  218  215  213  213  214  217  221  226  230  235
  238  240  240  239  236  232  228  223  217  212  206  200  194  188  183  178
  175  172  171  170  170  170  170  170  169
    67.5-180.0 180.0   5.0 450.0                            LAT/LON1/LON2/DLON/H
  175  175  173  171  169  167  165  163  160  158  156  154  152  151  152  153
  156  160  166  172  179  185  191  197  201  205  207  210  213  216  220  223
  227  229  230  229  227  223  220  216  214  213  214  217  221  226  230  234
  236  236  234  232  227  222  217  211  206  201  196  191  185  180  176  171
  168  166  166  167  169  171  173  175  175
    65.0-180.0 180.0   5.0 450.0                            LAT/LON1/LON2/DLON/H
  180  180  180  178  177  176  175  174  172  171  168  165  163  160  159  159
  161  163  168  173  179  185  191  196  200  203  206  208  211  214  218  222
  226  229  230  229  227  223  219  215  213  212  214  217  221  225  229  231
  232  231  228  224  219  214  208  204  199  196  192  188  184  180  175  171
  167  166  166  167  170  174  177  179  180
    62.5-180.0 180.0   5.0 450.0                            LAT/LON1/LON2/DLON/H
  182  182  181  181  181  181  182  183  183  183  181  178  175  172  170  169
  169  171  173  177  181  186  191  195  199  202  205  207  210  213  217  221
  225  228  230  229  226  222  218  214  213  213  215  218  222  226  228  229
  229  227  223  219  214  210  206  203  201  199  198  196  192  188  183  177
  173  170  169  170  173  176  179  181  182
    60.0-180.0 180.0   5.0 450.0                            LAT/LON1/LON2/DLON/H
  179  178  177  177  178  180  183  186  189  191  191  189  187  184  182  180
  179  179  180  182  184  187  191  195  198  201  204  207  210  213  218  222
  227  230  231  230  227  223  219  217  216  217  219  223  226  229  230  230
  228  226  223  219  216  214  212  211  211  212  213  212  209  205  198  191
  184  178  175  174  175  177  179  179  179
    57.5-180.0 180.0   5.0 450.0                            LAT/LON1/LON2/DLON/H
  172  169  167  167  169  172  178  184  190  194  196  196  195  193  191  190
  189  188  188  187  187  187  189  193  196  200  204  208  212  217  222  227
  231  234  235  234  232  228  225  223  223  225  228  231  234  235  235  233
  231  229  228  227  226  225  226  227  230  232  234  234  232  227  219  209
  198  189  182  178  177  176  176  174  172
    55.0-180.0 180.0   5.0 450.0                            LAT/LON1/LON2/DLON/H
  162  158  155  154  156  161  168  177  185  191  196  197  198  197  197  197
  197  196  194  191  188  187  187  189  194  199  204  210  216  222  228  234
  239  242  243  243  241  238  236  235  236  238  241  243  245  244  242  240
  239  238  239  240  242  244  246  249  252  255  258  258  256  249  240  227
  214  201  191  184  179  175  171  167  162
    52.5-180.0 180.0   5.0 450.0                            LAT/LON1/LON2/DLON/H
  154  147  143  141  143  149  157  167  177  186  192  195  197  198  200  202
  203  202  199  195  190  186  185  187  191  198  205  213  221  230  238  245
  250  254  255  255  254  252  251  251  252  254  256  258  257  255  252  250
  249  251  254  258  262  265  268  271  273  276  278  278  275  268  257  244
  228  213  200  190  182  175  168  161  154
    50.0-180.0 180.0   5.0 450.0                            LAT/LON1/LON2/DLON/H
  150  142  135  133  134  139  148  159  170  180  187  192  195  197  201  204
  207  208  205  199  193  187  185  187  192  200  209  218  229  239  249  257
  263  267  270  270  270  270  270  270  270  272  272  272  270  267  263  262
  262  266  271  277  283  286  289  290  291  292  292  291  287  280  270  256
  240  223  209  196  186  178  169  160  150
    47.5-180.0 180.0   5.0 450.0                            LAT/LON1/LON2/DLON/H
  153  143  135  131  131  135  143  154  166  177  185  190  194  197  202  208
  212  214  212  206  199  193  190  191  197  205  215  226  237  249  260  270
  277  282  286  288  290  291  292  291  291  290  289  286  283  279  276  275
  277  283  290  297  302  305  306  304  303  301  298  296  292  285  276  263
  248  232  218  205  194  184  175  164  153
    45.0-180.0 180.0   5.0 450.0                            LAT/LON1/LON2/DLON/H
  162  151  143  137  135  137  144  154  166  177  187  193  197  201  206  213
  219  223  222  217  210  204  201  203  208  216  226  237  248  260  272  282
  291  298  303  309  313  316  317  316  313  309  305  301  296  292  289  290
  294  301  309  316  320  320  318  314  309  304  299  295  290  285  277  267
  255  241  227  215  205  195  185  174  162
    42.5-180.0 180.0   5.0 450.0                            LAT/LON1/LON2/DLON/H
  177  165  156  148  144  144  149  157  169  181  192  199  204  209  215  222
  230  234  235  231  225  220  218  220  226  233  241  250  260  272  284  296
  306  315  324  332  340  346  347  345  339  332  325  319  313  308  306  308
  313  321  328  333  334  332  327  320  313  305  298  292  287  283  278  271
  262  250  239  228  218  210  200  189  177
    40.0-180.0 180.0   5.0 450.0                            LAT/LON1/LON2/DLON/H
  194  182  171  162  156  153  155  162  174  187  200  209  215  221  227  235
  243  249  250  248  244  241  240  243  248  253  260  267  275  286  298  311
  324  336  349  362  373  381  384  380  371  361  351  342  335  330  328  330
  336  342  347  349  348  343  336  327  317  307  298  291  286  283  280  276
  270  261  251  242  233  225  217  206  194
    37.5-180.0 180.0   5.0 450.0                            LAT/LON1/LON2/DLON/H
  211  199  187  176  167  161  160  166  177  192  207  219  228  235  243  251
  259  264  266  266  264  263  264  267  271  276  281  286  292  302  314  329
  345  362  380  397  413  424  427  422  410  397  384  373  364  358  356  357
  361  366  368  366  361  354  345  334  324  313  303  294  289  286  285  284
  280  273  264  255  248  240  233  223  211
    35.0-180.0 180.0   5.0 450.0                            LAT/LON1/LON2/DLON/H
  225  213  200  188  177  168  164  168  178  194  212  227  240  250  260  268
  275  280  282  282  282  283  286  290  294  298  301  305  311  321  335  353
  373  395  417  439  459  472  476  470  456  440  425  411  400  393  389  389
  390  391  389  384  376  366  356  345  333  322  311  302  296  293  293  293
  291  285  276  267  260  253  246  236  225
    32.5-180.0 180.0   5.0 450.0                            LAT/LON1/LON2/DLON/H
  235  223  210  197  184  173  166  167  176  193  212  232  249  263  275  284
  290  294  295  296  297  300  303  308  312  317  321  325  332  343  360  381
  406  433  460  485  508  522  526  519  505  488  471  456  442  432  426  423
  421  418  412  402  391  380  368  356  344  332  321  311  304  301  301  302
  300  294  285  276  267  261  254  245  235
    30.0-180.0 180.0   5.0 450.0                            LAT/LON1/LON2/DLON/H
  240  229  217  204  189  176  167  166  173  188  209  232  254  273  288  298
  303  306  306  307  308  312  316  320  326  331  337  344  354  368  387  413
  443  474  504  532  554  568  572  565  551  534  517  501  486  473  463  457
  451  444  434  421  407  393  379  365  352  339  328  317  310  306  306  307
  305  299  290  279  270  263  257  249  240
    27.5-180.0 180.0   5.0 450.0                            LAT/LON1/LON2/DLON/H
  242  232  222  209  195  181  170  165  170  183  204  230  256  280  298  309
  314  315  315  315  316  319  323  328  334  342  352  363  376  394  417  447
  481  515  546  573  593  605  607  600  588  573  558  542  525  510  498  488
  479  469  455  439  422  405  387  370  355  340  328  317  310  305  305  306
  304  298  288  276  267  260  254  249  242
    25.0-180.0 180.0   5.0 450.0                            LAT/LON1/LON2/DLON/H
  240  233  225  214  201  187  175  168  169  179  199  226  256  284  305  318
  323  323  322  321  322  325  328  333  341  352  366  381  399  420  447  480
  516  550  580  604  619  626  626  619  610  599  587  573  557  541  527  515
  504  491  474  455  434  413  391  369  350  334  321  310  302  297  296  297
  296  290  280  268  258  252  248  244  240
    22.5-180.0 180.0   5.0 450.0                            LAT/LON1/LON2/DLON/H
  235  232  226  218  206  194  182  173  172  179  197  223  255  286  310  324
  330  330  328  328  328  330  333  338  348  362  380  400  421  446  475  509
  545  578  605  622  630  631  627  621  616  610  602  592  577  562  548  536
  524  509  490  469  444  418  390  364  340  322  307  296  287  283  282  283
  282  277  267  256  247  241  238  237  235
    20.0-180.0 180.0   5.0 450.0                            LAT/LON1/LON2/DLON/H
  228  228  225  219  210  200  189  181  177  181  196  222  255  287  313  328
  335  336  336  335  336  337  340  346  357  375  396  420  444  470  499  533
  567  597  618  628  628  622  615  609  607  607  605  599  588  575  563  551
  539  524  504  479  451  420  387  355  328  307  292  279  271  266  264  265
  265  260  252  242  234  229  227  227  228
    17.5-180.0 180.0   5.0 450.0                            LAT/LON1/LON2/DLON/H
  220  222  221  216  210  203  195  188  183  185  198  222  254  287  314  331
  339  342  343  344  345  347  350  358  371  391  416  441  467  492  520  551
  581  607  622  625  617  605  594  589  591  596  599  597  590  580  571  562
  550  535  514  488  457  421  384  349  320  297  280  267  257  251  249  249
  248  244  238  229  222  217  216  217  220
    15.0-180.0 180.0   5.0 450.0                            LAT/LON1/LON2/DLON/H
  210  212  212  209  204  200  195  190  187  187  198  220  252  284  312  330
  341  347  350  353  355  358  363  373  390  412  437  464  489  513  538  565
  591  611  620  618  605  588  575  570  575  584  591  593  588  582  575  568
  558  543  522  494  461  424  384  348  318  295  277  262  251  243  239  237
  236  232  227  220  213  208  206  207  210
    12.5-180.0 180.0   5.0 450.0                            LAT/LON1/LON2/DLON/H
  200  202  200  197  192  190  189  187  185  186  195  215  245  278  305  326
  339  349  355  360  364  369  377  390  410  434  461  486  510  532  554  576
  597  612  618  613  598  579  565  561  567  578  586  589  586  581  576  571
  561  546  525  498  465  427  388  354  326  303  285  268  254  244  237  233
  230  226  221  215  209  203  199  199  200
    10.0-180.0 180.0   5.0 450.0                            LAT/LON1/LON2/DLON/H
  191  190  186  181  176  175  177  178  178  178  186  205  234  265  294  317
  334  348  358  365  371  378  390  407  430  456  483  507  529  549  568  586
  602  614  619  613  599  582  568  565  571  581  588  588  585  580  575  569
  560  545  524  498  465  430  395  364  340  320  300  282  265  252  243  236
  230  225  220  215  209  202  196  192  191
     7.5-180.0 180.0   5.0 450.0                            LAT/LON1/LON2/DLON/H
  184  180  173  165  159  158  161  164  165  165  172  189  216  248  279  304
  326  343  358  368  376  386  400  422  448  476  502  524  545  563  580  594
  607  617  622  619  609  595  584  581  585  592  595  591  583  576  569  562
  551  536  516  491  461  429  399  375  356  338  318  298  279  264  253  243
  234  228  223  219  213  204  195  189  184
     5.0-180.0 180.0   5.0 450.0                            LAT/LON1/LON2/DLON/H
  180  172  162  151  143  142  145  148  149  149  153  168  194  227  259  289
  315  337  355  369  379  391  408  433  462  491  516  537  556  573  588  600
  610  619  625  627  623  614  606  603  605  606  602  592  579  567  557  547
  534  518  498  475  448  421  397  379  365  350  330  309  289  273  261  250
  239  232  227  224  218  208  197  187  180
     2.5-180.0 180.0   5.0 450.0                            LAT/LON1/LON2/DLON/H
  177  167  154  142  132  129  131  134  133  131  134  146  171  204  239  273
  303  330  352  368  381  395  414  441  471  499  523  543  561  578  592  602
  610  617  625  631  633  630  625  621  620  615  604  586  567  550  536  522
  506  489  469  447  424  401  383  370  361  347  329  307  289  274  263  251
  241  233  229  226  221  211  199  187  177
