GPS-project/c1pg1710.23i
     1.0            IONOSPHERE MAPS     GNSS                IONEX VERSION / TYPE
IONINX V5.5         AIUB                20-JUN-23 08:42     PGM / RUN BY / DATE 
CODE'S 1-DAY PREDICTED IONOSPHERE MAPS FOR DAY 171, 2023    COMMENT             
Global ionosphere maps (GIM) are generated on a daily basis DESCRIPTION         
at CODE using data from about 120 GNSS sites of the IGS and DESCRIPTION         
other institutions. The vertical total electron content     DESCRIPTION         
(VTEC) is modeled in a solar-geomagnetic reference frame    DESCRIPTION         
using a spherical harmonics expansion up to degree and      DESCRIPTION         
order 15. Piece-wise linear functions are used for          DESCRIPTION         
representation in the time domain. The time spacing of      DESCRIPTION         
their vertices is 1 hour, conforming with the epochs of the DESCRIPTION         
VTEC maps.                                                  DESCRIPTION         
To convert line-of-sight TEC into vertical TEC, a modified  DESCRIPTION         
single-layer model mapping function approximating the JPL   DESCRIPTION         
extended slab model mapping function is adopted. The        DESCRIPTION         
mapping function is evaluated at geodetic satellite         DESCRIPTION         
elevation angles. For the computation of the ionospheric    DESCRIPTION         
pierce points, a spherical layer with a radius of 6821 km   DESCRIPTION         
is assumed, implying geocentric, not geodetic IONEX         DESCRIPTION         
latitudes.                                                  DESCRIPTION         
Instrumental biases with respect to each involved GNSS code DESCRIPTION         
observable are estimated as constant values for each        DESCRIPTION         
day. They are modeled with one set of bias parameters for   DESCRIPTION         
each satellite and each station in case of GPS and for each DESCRIPTION         
satellite-station link in case of GLONASS. The code bias    DESCRIPTION         
datum is defined by zero-mean conditions imposed on the     DESCRIPTION         
satellite bias estimates. In this file, just GPS C1W-C2W    DESCRIPTION         
satellite and station bias values are included. The         DESCRIPTION         
complete set of GNSS code bias results is provided in an    DESCRIPTION         
additional Bias-SINEX file as pseudo-absolute values        DESCRIPTION         
specific to each observable.                                DESCRIPTION         
Contact address: code(at)aiub.unibe.ch                      DESCRIPTION         
Data archive:    ftp.aiub.unibe.ch/CODE/                    DESCRIPTION         
                 www.aiub.unibe.ch/download/CODE/           DESCRIPTION         
  2023     6    20     0     0     0                        EPOCH OF FIRST MAP  
  2023     6    21     0     0     0                        EPOCH OF LAST MAP   
  3600                                                      INTERVAL            
    25                                                      # OF MAPS IN FILE   
  NONE                                                      MAPPING FUNCTION    
    10.0                                                    ELEVATION CUTOFF    
One-way carrier phase leveled to code                       OBSERVABLES USED    
  6371.0                                                    BASE RADIUS         
     2                                                      MAP DIMENSION       
   450.0 450.0   0.0                                        HGT1 / HGT2 / DHGT  
    87.5 -87.5  -2.5                                        LAT1 / LAT2 / DLAT  
  -180.0 180.0   5.0                                        LON1 / LON2 / DLON  
    -1                                                      EXPONENT            
TEC/RMS values in 0.1 TECU; 9999, if no value available     COMMENT             
                                                            END OF HEADER       
[from data line 5148]
    13                                                      START OF TEC MAP    
  2023     6    20    12     0     0                        EPOCH OF CURRENT MAP
    87.5-180.0 180.0   5.0 450.0                            LAT/LON1/LON2/DLON/H
  190  191  191  191  192  192  193  193  193  194  194  195  195  195  196  196
  197  197  197  197  198  198  198  198  198  197  197  197  197  196  196  195
  194  194  193  192  191  190  190  189  188  188  187  187  186  186  185  185
  185  185  185  185  185  185  186  186  186  186  187  187  187  187  188  188
  188  188  189  189  189  189  190  190  190
    85.0-180.0 180.0   5.0 450.0                            LAT/LON1/LON2/DLON/H
  191  191  192  192  192  193  193  194  194  195  195  196  197  198  198  199
  200  201  202  203  204  204  205  206  206  206  206  206  205  205  204  203
  201  200  198  196  195  193  191  189  188  187  185  185  184  183  183  183
  184  184  185  186  187  187  188  189  190  191  191  192  192  192  192  192
  192  192  192  191  191  191  191  191  191
    82.5-180.0 180.0   5.0 450.0                            LAT/LON1/LON2/DLON/H
  192  191  191  191  191  191  191  192  192  192  192  193  194  194  195  196
  198  199  201  203  205  206  208  210  211  212  213  213  213  213  212  211
  209  207  205  203  200  197  195  192  190  188  187  186  185  185  186  187
  188  190  192  194  196  198  200  202  203  204  204  204  204  204  203  202
  200  199  197  196  195  194  193  192  192
    80.0-180.0 180.0   5.0 450.0                            LAT/LON1/LON2/DLON/H
  191  190  189  189  188  188  188  187  187  186  186  185  185  185  186  187
  189  191  193  196  199  202  205  208  211  213  215  217  218  218  218  218
  216  215  212  210  207  204  200  197  195  193  191  190  190  191  193  196
  199  202  206  210  214  217  220  222  223  224  224  223  222  220  217  214
  211  207  204  201  198  195  193  192  191
    77.5-180.0 180.0   5.0 450.0                            LAT/LON1/LON2/DLON/H
  188  187  186  186  185  185  184  183  181  179  177  176  174  173  173  173
  174  176  179  183  187  192  197  201  206  209  213  216  218  220  221  221
  221  220  219  217  214  211  208  204  202  199  198  198  199  201  205  209
  214  219  225  230  235  239  243  245  246  247  245  243  240  236  231  225
  220  214  208  203  199  195  192  190  188
    75.0-180.0 180.0   5.0 450.0                            LAT/LON1/LON2/DLON/H
  183  183  182  182  182  181  180  179  176  173  170  166  163  160  158  158
  158  160  164  168  174  180  186  192  197  202  206  210  213  216  219  221
  223  223  223  223  221  218  215  212  209  207  206  206  209  212  217  223
  230  237  244  250  255  260  263  265  266  265  262  259  254  248  240  233
  225  217  209  202  196  192  188  185  183
    72.5-180.0 180.0   5.0 450.0                            LAT/LON1/LON2/DLON/H
  178  178  178  178  179  179  178  176  173  169  165  160  155  150  147  145
  145  147  151  156  162  169  176  183  189  194  198  202  206  210  213  217
  221  224  226  226  226  224  221  218  215  213  213  214  217  222  228  236
  243  251  258  264  269  273  275  276  276  274  270  266  259  252  243  234
  224  215  206  198  191  186  182  179  178
    70.0-180.0 180.0   5.0 450.0                            LAT/LON1/LON2/DLON/H
  172  173  173  175  176  177  177  175  172  168  163  157  151  146  141  138
  138  139  143  148  155  162  170  177  183  187  191  195  198  202  206  212
  217  222  226  228  229  228  226  222  220  218  217  219  223  229  236  244
  251  258  264  269  272  274  275  275  274  271  268  263  256  248  239  230
  220  210  201  192  186  180  176  174  172
    67.5-180.0 180.0   5.0 450.0                            LAT/LON1/LON2/DLON/H
  168  168  169  171  172  174  174  174  172  168  163  158  152  146  141  138
  137  138  141  147  154  161  169  175  180  184  187  189  192  195  200  206
  213  220  225  229  231  230  228  225  222  220  220  222  226  232  239  246
  253  259  263  265  266  265  265  263  261  259  256  252  246  239  231  222
  213  204  195  188  181  176  172  170  168
    65.0-180.0 180.0   5.0 450.0                            LAT/LON1/LON2/DLON/H
  166  165  165  166  168  169  170  170  169  167  164  159  155  150  146  143
  142  143  146  151  157  164  171  177  182  184  185  186  188  191  196  202
  210  219  226  230  232  232  229  226  222  221  221  223  227  233  239  245
  250  253  254  254  252  250  247  245  244  242  241  239  235  230  223  215
  207  200  192  186  181  176  172  169  166
    62.5-180.0 180.0   5.0 450.0                            LAT/LON1/LON2/DLON/H
  168  165  163  162  162  163  163  163  163  163  161  160  157  155  153  152
  151  152  154  158  164  170  176  181  184  186  186  186  187  189  194  202
  211  220  227  232  234  234  231  227  224  222  222  224  228  233  237  241
  244  244  243  241  237  233  230  228  228  228  229  229  228  224  220  213
  207  201  195  190  186  181  176  172  168
    60.0-180.0 180.0   5.0 450.0                            LAT/LON1/LON2/DLON/H
  172  166  162  158  156  155  154  154  154  154  155  156  157  158  159  159
  160  162  164  167  170  175  179  183  186  187  187  187  188  191  197  205
  215  224  232  237  238  237  234  230  227  226  226  228  231  234  236  238
  239  237  235  231  226  222  219  218  220  222  226  228  229  227  224  218
  213  208  204  200  196  191  185  179  172
    57.5-180.0 180.0   5.0 450.0                            LAT/LON1/LON2/DLON/H
  179  170  163  157  152  148  145  143  142  143  145  149  153  157  161  164
  167  170  172  173  175  177  180  183  186  187  188  189  191  196  203  212
  222  232  240  244  245  243  240  236  234  233  233  235  236  238  238  238
  237  235  232  229  225  222  220  221  224  228  234  238  240  239  236  231
  225  221  217  213  210  204  197  188  179
    55.0-180.0 180.0   5.0 450.0                            LAT/LON1/LON2/DLON/H
  187  176  166  158  150  143  137  133  131  131  134  139  145  152  159  165
  171  175  177  178  178  178  179  181  183  186  188  191  196  202  211  222
  233  243  250  254  254  252  249  246  245  245  245  246  246  245  244  242
  241  239  238  236  234  233  233  235  239  245  252  257  259  258  254  248
  242  237  232  229  224  218  210  199  187
    52.5-180.0 180.0   5.0 450.0                            LAT/LON1/LON2/DLON/H
  195  183  172  162  153  144  135  127  123  121  124  129  136  144  153  162
  171  177  181  181  180  178  177  178  180  184  189  194  201  210  221  233
  245  255  262  265  266  264  262  260  260  260  260  260  258  256  253  251
  250  250  250  251  252  252  254  258  263  269  276  281  283  281  275  268
  260  253  247  243  238  230  220  208  195
    50.0-180.0 180.0   5.0 450.0                            LAT/LON1/LON2/DLON/H
  202  190  180  170  160  149  138  128  121  117  118  122  128  136  146  157
  169  178  184  185  182  179  176  177  180  185  191  199  208  219  232  245
  258  268  275  279  280  280  279  279  279  279  279  277  274  270  266  264
  263  265  268  271  274  276  279  283  288  294  299  303  304  301  295  286
  276  267  259  253  247  238  228  215  202
    47.5-180.0 180.0   5.0 450.0                            LAT/LON1/LON2/DLON/H
  207  196  187  179  169  158  146  134  125  120  119  120  124  131  140  152
  166  179  187  190  188  184  181  181  184  191  198  207  217  229  243  257
  270  281  289  294  297  299  300  301  301  301  299  296  291  286  282  280
  280  283  287  291  295  299  302  306  310  314  318  320  320  317  309  299
  287  276  267  259  251  242  231  219  207
    45.0-180.0 180.0   5.0 450.0                            LAT/LON1/LON2/DLON/H
  210  201  195  188  180  170  157  145  136  130  127  125  126  129  137  149
  165  180  192  197  196  193  191  191  196  203  210  219  228  240  254  268
  282  293  303  310  316  321  325  327  327  326  323  318  312  306  302  300
  301  303  307  310  314  317  320  322  325  327  329  329  328  325  317  307
  295  282  271  261  252  242  232  220  210
    42.5-180.0 180.0   5.0 450.0                            LAT/LON1/LON2/DLON/H
  212  205  201  196  190  181  170  158  149  143  139  136  133  133  138  149
  166  184  198  206  208  207  206  208  213  220  227  234  242  252  264  278
  292  305  317  328  338  347  354  358  359  356  352  345  338  332  327  325
  325  325  326  327  329  330  331  333  333  334  333  332  331  327  321  311
  299  286  273  262  252  242  232  221  212
    40.0-180.0 180.0   5.0 450.0                            LAT/LON1/LON2/DLON/H
  216  210  206  202  197  190  180  170  162  157  153  149  144  140  142  151
  168  188  205  217  221  222  224  228  234  241  247  252  257  264  274  287
  302  317  332  348  364  378  388  394  395  392  386  379  371  364  359  356
  353  351  348  344  342  341  341  341  340  338  336  333  330  327  321  313
  302  289  276  264  254  244  234  224  216
    37.5-180.0 180.0   5.0 450.0                            LAT/LON1/LON2/DLON/H
  222  215  211  207  202  195  187  179  173  169  166  161  155  149  148  155
  172  193  212  226  234  238  242  248  256  262  266  268  270  275  283  296
  311  329  349  370  392  411  426  434  436  433  427  419  410  403  398  393
  388  381  373  365  359  355  354  353  351  347  342  336  331  327  323  316
  306  294  281  270  259  250  240  230  222
    35.0-180.0 180.0   5.0 450.0                            LAT/LON1/LON2/DLON/H
  232  224  217  212  206  200  192  185  180  177  175  171  164  157  154  160
  176  197  218  234  244  251  257  264  273  279  282  282  281  284  291  304
  321  342  367  394  422  446  464  475  479  477  472  464  456  449  442  436
  428  417  404  392  383  378  376  374  371  364  355  346  338  332  326  320
  311  301  289  279  270  261  251  241  232
    32.5-180.0 180.0   5.0 450.0                            LAT/LON1/LON2/DLON/H
  245  235  226  218  211  204  196  189  184  182  180  177  171  164  160  165
  180  201  222  240  251  259  266  275  283  289  291  290  289  291  299  313
  332  357  387  419  452  480  501  514  520  521  518  512  504  497  490  482
  471  457  442  427  417  412  409  406  400  391  378  363  351  341  333  326
  318  309  299  291  283  275  266  256  245
    30.0-180.0 180.0   5.0 450.0                            LAT/LON1/LON2/DLON/H
  261  249  237  228  219  211  202  194  188  184  182  180  175  168  165  170
  183  203  225  243  256  264  271  278  286  292  294  294  294  298  308  324
  346  375  408  444  479  508  531  546  555  560  560  556  550  543  535  526
  515  500  484  470  460  455  451  447  438  424  406  386  368  352  341  332
  324  316  309  302  296  290  282  272  261
    27.5-180.0 180.0   5.0 450.0                            LAT/LON1/LON2/DLON/H
  275  262  250  239  230  221  212  203  194  188  184  181  177  172  169  174
  186  206  227  245  258  266  271  276  283  288  292  295  298  306  319  338
  363  395  431  468  502  530  552  568  580  588  593  592  587  580  573  564
  554  541  527  516  508  503  498  490  477  459  436  410  385  364  348  337
  328  320  314  310  306  301  295  286  275
    25.0-180.0 180.0   5.0 450.0                            LAT/LON1/LON2/DLON/H
  284  273  262  251  242  234  225  214  203  193  187  183  179  175  173  177
  189  207  229  247  260  266  269  272  277  283  289  296  305  317  334  356
  384  417  453  489  520  544  562  577  591  604  612  615  612  606  599  592
  584  575  566  558  553  548  541  529  511  488  460  429  398  371  351  337
  327  319  314  312  309  306  301  293  284
    22.5-180.0 180.0   5.0 450.0                            LAT/LON1/LON2/DLON/H
  286  278  269  259  252  246  238  227  214  202  193  187  182  178  176  180
  191  209  230  249  261  266  267  268  271  279  289  302  316  333  354  379
  408  441  476  508  533  550  563  576  590  606  618  623  622  617  612  608
  604  599  595  592  589  583  573  556  534  507  475  440  404  373  349  332
  321  313  308  306  305  302  298  293  286
    20.0-180.0 180.0   5.0 450.0                            LAT/LON1/LON2/DLON/H
  280  275  269  262  257  254  248  239  225  211  200  193  187  183  180  183
  193  210  231  250  262  267  267  266  270  280  295  313  333  355  379  406
  435  466  498  524  542  551  558  567  581  598  612  619  619  616  613  612
  612  612  613  613  611  604  590  568  542  512  478  441  403  370  344  325
  312  303  298  295  293  290  287  284  280
    17.5-180.0 180.0   5.0 450.0                            LAT/LON1/LON2/DLON/H
  267  265  262  257  255  254  252  244  232  219  207  199  192  187  183  185
  193  209  230  250  263  268  268  269  275  289  308  331  356  382  408  434
  462  491  519  540  550  552  552  557  570  586  600  608  608  607  606  608
  611  615  619  621  618  609  591  566  538  507  473  435  397  363  336  317
  303  292  285  281  278  274  271  268  267
    15.0-180.0 180.0   5.0 450.0                            LAT/LON1/LON2/DLON/H
  252  251  249  245  243  245  245  242  233  221  210  202  195  189  185  184
  192  206  227  247  262  269  272  276  286  304  327  354  382  410  437  463
  489  515  539  555  559  556  551  553  563  577  589  595  596  595  597  601
  606  612  616  617  613  602  582  556  527  497  465  428  391  357  331  312
  297  284  275  269  264  259  254  252  252
    12.5-180.0 180.0   5.0 450.0                            LAT/LON1/LON2/DLON/H
  238  237  234  229  227  228  230  230  224  216  208  201  195  188  183  182
  187  201  221  242  259  270  277  286  302  324  351  380  409  437  463  487
  511  535  556  569  570  564  558  558  565  576  585  588  588  587  589  595
  601  606  608  607  601  588  568  543  517  489  459  424  387  355  330  311
  295  280  269  261  254  248  242  238  238
    10.0-180.0 180.0   5.0 450.0                            LAT/LON1/LON2/DLON/H
  230  227  221  214  208  208  210  211  208  203  198  194  189  183  178  176
  180  193  212  233  253  268  281  297  319  346  374  403  431  458  483  506
  528  550  569  581  583  577  572  572  578  585  589  588  586  585  587  593
  598  601  600  596  587  574  555  534  512  488  459  425  389  357  333  315
  298  282  269  260  253  245  238  233  230
     7.5-180.0 180.0   5.0 450.0                            LAT/LON1/LON2/DLON/H
  232  226  216  203  194  189  190  190  189  186  183  181  178  174  170  168
  171  182  200  223  245  265  284  307  335  365  394  420  446  470  494  515
  536  557  576  588  593  592  591  593  598  601  599  595  590  588  590  594
  598  597  593  585  575  562  547  531  513  493  465  431  394  363  339  321
  303  287  273  264  258  251  244  237  232
     5.0-180.0 180.0   5.0 450.0                            LAT/LON1/LON2/DLON/H
  242  232  218  202  187  178  174  172  169  167  165  164  163  161  158  157
  160  170  187  211  236  261  286  315  347  379  406  430  451  473  494  516
  536  556  575  589  598  603  607  613  617  617  611  603  596  593  594  596
  597  594  587  576  565  554  543  532  518  500  472  436  399  367  343  325
  308  291  278  271  268  263  257  249  242
     2.5-180.0 180.0   5.0 450.0                            LAT/LON1/LON2/DLON/H
  256  244  228  208  190  177  168  161  155  150  148  147  147  147  146  145
  148  157  175  199  228  256  286  319  354  386  411  430  447  466  486  507
  527  546  564  581  593  604  615  624  629  626  617  606  597  593  593  594
  593  587  577  565  554  545  537  530  519  501  472  435  397  364  341  324
  307  292  281  277  277  276  272  265  256
