GPS-project/c1pg1710.23i
     1.0            IONOSPHERE MAPS     GNSS                IONEX VERSION / TYPE
IONINX V5.5         AIUB                20-JUN-23 08:42     PGM / RUN BY / DATE 
CODE'S 1-DAY PREDICTED IONOSPHERE MAPS FOR DAY 171, 2023    COMMENT             
Global ionosphere maps (GIM) are generated on a daily basis DESCRIPTION         
at CODE using data from about 120 GNSS sites of the IGS and DESCRIPTION         
other institutions. The vertical total electron content     DESCRIPTION         
(VTEC) is modeled in a solar-geomagnetic reference frame    DESCRIPTION         
using a spherical harmonics expansion up to degree and      DESCRIPTION         
order 15. Piece-wise linear functions are used for          DESCRIPTION         
representation in the time domain. The time spacing of      DESCRIPTION         
their vertices is 1 hour, conforming with the epochs of the DESCRIPTION         
VTEC maps.                                                  DESCRIPTION         
To convert line-of-sight TEC into vertical TEC, a modified  DESCRIPTION         
single-layer model mapping function approximating the JPL   DESCRIPTION         
extended slab model mapping function is adopted. The        DESCRIPTION         
mapping function is evaluated at geodetic satellite         DESCRIPTION         
elevation angles. For the computation of the ionospheric    DESCRIPTION         
pierce points, a spherical layer with a radius of 6821 km   DESCRIPTION         
is assumed, implying geocentric, not geodetic IONEX         DESCRIPTION         
latitudes.                                                  DESCRIPTION         
Instrumental biases with respect to each involved GNSS code DESCRIPTION         
observable are estimated as constant values for each        DESCRIPTION         
day. They are modeled with one set of bias parameters for   DESCRIPTION         
each satellite and each station in case of GPS and for each DESCRIPTION         
satellite-station link in case of GLONASS. The code bias    DESCRIPTION         
datum is defined by zero-mean conditions imposed on the     DESCRIPTION         
satellite bias estimates. In this file, just GPS C1W-C2W    DESCRIPTION         
satellite and station bias values are included. The         DESCRIPTION         
complete set of GNSS code bias results is provided in an    DESCRIPTION         
additional Bias-SINEX file as pseudo-absolute values        DESCRIPTION         
specific to each observable.                                DESCRIPTION         
Contact address: code(at)aiub.unibe.ch                      DESCRIPTION         
Data archive:    ftp.aiub.unibe.ch/CODE/                    DESCRIPTION         
                 www.aiub.unibe.ch/download/CODE/           DESCRIPTION         
  2023     6    20     0     0     0                        EPOCH OF FIRST MAP  
  2023     6    21     0     0     0                        EPOCH OF LAST MAP   
  3600                                                      INTERVAL            
    25                                                      # OF MAPS IN FILE   
  NONE                                                      MAPPING FUNCTION    
    10.0                                                    ELEVATION CUTOFF    
One-way carrier phase leveled to code                       OBSERVABLES USED    
  6371.0                                                    BASE RADIUS         
     2                                                      MAP DIMENSION       
   450.0 450.0   0.0                                        HGT1 / HGT2 / DHGT  
    87.5 -87.5  -2.5                                        LAT1 / LAT2 / DLAT  
  -180.0 180.0   5.0                                        LON1 / LON2 / DLON  
    -1                                                      EXPONENT            
TEC/RMS values in 0.1 TECU; 9999, if no value available     COMMENT             
                                                            END OF HEADER       
[from data line 4290]
    11                                                      START OF TEC MAP    
  2023     6    20    10     0     0                        EPOCH OF CURRENT MAP
    87.5-180.0 180.0   5.0 450.0                            LAT/LON1/LON2/DLON/H
  168  169  170  171  173  174  175  177  178  180  181  182  184  185  186  187
  188  189  190  191  191  192  193  193  193  193  193  193  193  193  192  191
  191  190  189  188  187  186  184  183  182  180  179  177  176  175  173  172
  171  169  168  167  166  165  164  164  163  163  162  162  162  162  162  162
  162  162  163  163  164  165  166  167  168
    85.0-180.0 180.0   5.0 450.0                            LAT/LON1/LON2/DLON/H
  164  166  168  170  172  174  177  179  181  183  185  187  189  191  193  195
  197  198  200  201  202  203  204  205  206  206  207  207  206  206  206  205
  204  202  201  199  197  195  193  191  188  186  183  181  179  176  174  172
  170  168  167  165  164  162  161  160  159  159  158  157  157  156  156  156
  156  157  157  158  159  160  161  163  164
    82.5-180.0 180.0   5.0 450.0                            LAT/LON1/LON2/DLON/H
  166  168  170  172  174  177  179  181  184  186  188  189  191  193  194  196
  198  199  201  202  204  205  207  208  209  210  211  212  212  213  213  212
  212  211  209  208  206  203  201  198  195  192  190  187  184  182  180  178
  176  175  174  173  172  171  170  169  169  168  167  166  166  165  164  163
  163  162  162  162  162  163  163  165  166
    80.0-180.0 180.0   5.0 450.0                            LAT/LON1/LON2/DLON/H
  173  174  176  177  179  181  182  184  185  186  187  187  188  188  189  190
  191  192  193  195  196  198  200  201  203  205  206  208  209  211  212  213
  213  213  213  212  211  209  207  205  202  200  197  195  193  191  190  189
  189  189  189  190  190  191  191  191  191  191  190  189  188  186  185  183
  181  178  176  175  173  173  172  172  173
    77.5-180.0 180.0   5.0 450.0                            LAT/LON1/LON2/DLON/H
  182  182  183  183  184  185  186  186  186  185  183  182  181  179  178  178
  177  178  179  180  182  183  185  187  189  192  194  196  199  201  204  207
  209  211  213  214  214  213  212  210  209  207  205  203  202  202  203  204
  206  208  211  213  216  218  220  221  222  222  222  221  219  217  214  211
  207  203  198  194  190  187  185  183  182
    75.0-180.0 180.0   5.0 450.0                            LAT/LON1/LON2/DLON/H
  191  189  189  189  189  188  188  187  185  182  178  175  171  168  165  163
  162  162  163  164  165  167  169  171  174  176  179  182  185  189  193  197
  202  206  210  213  215  216  216  215  214  213  212  212  212  214  216  220
  224  228  233  237  241  245  248  251  252  253  254  253  251  249  245  241
  235  229  222  215  208  203  198  194  191
    72.5-180.0 180.0   5.0 450.0                            LAT/LON1/LON2/DLON/H
  196  193  191  190  190  189  187  185  182  178  173  168  162  158  154  151
  149  149  149  151  152  155  157  159  161  163  166  169  172  177  182  188
  195  201  207  212  216  219  220  220  219  219  219  219  221  224  228  233
  239  245  251  256  261  265  269  272  274  276  277  277  276  274  271  265
  259  251  242  233  223  215  207  201  196
    70.0-180.0 180.0   5.0 450.0                            LAT/LON1/LON2/DLON/H
  197  192  189  188  186  185  183  181  177  172  167  161  155  150  146  143
  141  141  142  144  146  149  151  153  155  157  159  161  165  169  175  182
  190  198  206  213  218  222  224  225  224  224  224  225  228  231  236  242
  249  255  261  266  270  274  277  280  283  285  287  288  288  287  284  280
  273  265  255  244  232  221  211  203  197
    67.5-180.0 180.0   5.0 450.0                            LAT/LON1/LON2/DLON/H
  194  188  184  181  179  177  175  173  169  165  160  155  150  146  142  140
  139  139  141  143  146  149  152  155  156  158  159  161  164  168  174  181
  190  199  208  216  222  226  229  229  229  229  229  230  233  237  242  247
  252  257  262  265  268  270  272  274  276  278  281  283  285  286  285  282
  276  268  258  247  235  223  211  202  194
    65.0-180.0 180.0   5.0 450.0                            LAT/LON1/LON2/DLON/H
  190  182  176  172  169  166  164  162  159  156  153  150  147  144  142  141
  141  142  144  147  151  155  158  161  163  165  166  167  169  173  178  185
  193  202  212  220  227  231  233  234  234  233  234  235  237  241  245  248
  251  254  255  256  256  256  256  257  258  261  264  268  271  273  274  273
  269  263  255  245  233  221  210  199  190
    62.5-180.0 180.0   5.0 450.0                            LAT/LON1/LON2/DLON/H
  189  180  172  165  160  155  151  148  146  145  144  143  143  142  142  143
  144  146  148  152  156  161  165  169  171  174  175  176  178  181  185  191
  199  208  217  225  232  237  239  240  239  239  240  241  243  245  247  249
  249  248  246  243  241  239  237  237  238  240  244  248  253  256  258  259
  257  254  248  240  231  221  210  199  189
    60.0-180.0 180.0   5.0 450.0                            LAT/LON1/LON2/DLON/H
  194  183  173  164  155  147  140  136  133  133  133  135  137  139  141  142
  144  147  150  154  159  164  169  174  178  181  183  185  187  190  194  199
  207  215  224  232  238  243  245  246  246  247  247  249  251  252  252  250
  247  243  237  232  228  225  223  222  223  226  229  233  238  241  244  246
  246  245  242  238  232  224  214  204  194
    57.5-180.0 180.0   5.0 450.0                            LAT/LON1/LON2/DLON/H
  207  195  183  170  157  145  134  127  122  121  123  126  130  133  136  138
  140  143  147  151  157  163  169  175  180  185  188  191  194  197  201  207
  215  223  232  240  246  250  253  254  255  256  257  259  261  261  259  255
  249  242  235  228  223  220  218  218  220  222  225  229  232  235  237  239
  240  241  241  240  238  233  226  217  207
    55.0-180.0 180.0   5.0 450.0                            LAT/LON1/LON2/DLON/H
  225  214  200  184  167  150  135  124  116  114  115  118  122  125  127  129
  132  135  139  145  151  158  166  173  179  185  190  194  198  202  208  214
  223  232  240  248  255  259  262  264  265  267  270  272  274  273  270  264
  256  247  239  233  228  226  225  227  229  231  234  237  239  240  241  242
  243  245  247  249  249  247  242  235  225
    52.5-180.0 180.0   5.0 450.0                            LAT/LON1/LON2/DLON/H
  246  235  221  204  185  164  145  129  118  112  111  113  115  117  118  119
  121  125  130  137  145  153  161  169  177  184  189  195  200  206  213  221
  231  241  251  260  266  271  275  277  279  281  284  287  288  288  284  277
  268  259  251  245  242  241  242  244  247  250  252  254  255  254  254  253
  254  256  259  262  263  263  260  255  246
    50.0-180.0 180.0   5.0 450.0                            LAT/LON1/LON2/DLON/H
  264  255  243  226  206  183  161  142  127  119  115  113  112  111  110  110
  111  116  122  131  140  149  159  168  176  183  190  197  203  210  219  229
  241  253  264  273  281  286  290  293  295  297  300  303  304  304  300  293
  285  276  269  264  262  262  263  266  268  271  273  274  275  274  272  271
  271  272  275  277  278  278  275  271  264
    47.5-180.0 180.0   5.0 450.0                            LAT/LON1/LON2/DLON/H
  275  268  259  245  227  204  181  160  143  132  125  120  116  111  107  105
  106  110  118  129  140  151  161  170  180  188  195  202  209  217  227  239
  252  265  278  289  297  304  309  312  314  316  318  321  322  321  318  312
  304  297  290  285  283  283  283  285  286  288  290  292  293  293  292  291
  291  291  291  291  290  288  284  280  275
    45.0-180.0 180.0   5.0 450.0                            LAT/LON1/LON2/DLON/H
  275  271  266  256  241  222  200  180  163  151  142  134  126  118  110  106
  106  111  120  132  145  157  168  179  189  198  206  212  219  227  237  250
  265  279  293  305  315  324  330  334  337  338  340  341  342  342  339  334
  328  320  313  308  304  301  299  298  298  298  300  303  306  308  309  310
  309  308  306  302  297  291  285  280  275
    42.5-180.0 180.0   5.0 450.0                            LAT/LON1/LON2/DLON/H
  268  266  263  258  248  233  215  198  183  172  162  152  142  130  120  114
  113  117  127  140  153  166  179  191  203  213  222  228  233  239  249  262
  277  293  307  320  333  343  352  358  362  363  364  364  365  365  364  360
  354  347  339  331  324  317  312  307  304  303  304  308  313  318  322  325
  325  323  318  310  300  290  280  272  268
    40.0-180.0 180.0   5.0 450.0                            LAT/LON1/LON2/DLON/H
  257  254  254  251  245  235  223  210  200  191  182  173  160  147  135  127
  124  128  137  149  163  177  191  206  219  232  240  246  249  254  261  273
  288  304  319  333  348  361  373  382  388  390  391  392  392  393  393  391
  386  378  368  357  346  336  326  318  312  308  309  313  319  326  332  337
  338  335  327  316  302  287  273  263  257
    37.5-180.0 180.0   5.0 450.0                            LAT/LON1/LON2/DLON/H
  248  244  242  240  237  231  223  216  211  206  200  191  179  166  153  143
  138  140  147  158  171  186  201  218  234  249  258  263  264  266  271  282
  296  311  327  343  359  376  392  405  413  418  420  422  424  426  427  426
  422  414  402  389  375  361  349  337  328  322  321  324  330  337  344  348
  349  345  336  322  305  287  270  257  248
    35.0-180.0 180.0   5.0 450.0                            LAT/LON1/LON2/DLON/H
  248  240  235  231  227  223  220  218  217  217  214  207  196  182  169  158
  152  151  155  164  176  190  207  226  245  262  272  276  275  275  278  286
  300  316  332  350  368  388  408  425  437  445  450  453  457  461  465  466
  463  455  443  428  413  399  385  372  361  353  348  348  351  356  360  362
  361  356  345  330  313  294  276  260  248
    32.5-180.0 180.0   5.0 450.0                            LAT/LON1/LON2/DLON/H
  259  247  236  228  222  218  216  218  221  224  224  218  208  196  183  171
  163  159  160  166  176  190  208  229  250  268  279  282  280  278  280  288
  301  318  336  355  375  398  421  441  457  469  477  484  490  497  503  507
  506  499  488  475  462  449  437  424  412  401  393  389  386  385  383  380
  376  368  357  342  325  308  291  274  259
    30.0-180.0 180.0   5.0 450.0                            LAT/LON1/LON2/DLON/H
  281  264  248  235  225  219  218  220  226  230  231  226  217  205  193  181
  171  164  161  165  173  187  205  227  249  267  279  281  279  276  279  288
  302  321  340  361  383  407  432  455  474  488  499  509  519  529  538  545
  547  544  536  527  518  509  499  489  476  464  453  443  433  424  414  403
  393  382  369  355  341  327  313  297  281
    27.5-180.0 180.0   5.0 450.0                            LAT/LON1/LON2/DLON/H
  307  287  268  250  237  229  226  228  233  238  238  232  223  212  200  188
  176  167  162  162  170  183  201  222  244  261  272  275  273  272  277  288
  306  326  348  370  393  418  442  466  486  502  515  528  541  554  566  576
  582  583  581  577  574  570  564  556  544  531  517  502  486  468  448  429
  411  395  381  368  357  347  337  324  307
    25.0-180.0 180.0   5.0 450.0                            LAT/LON1/LON2/DLON/H
  331  311  290  271  256  246  242  242  246  248  246  238  228  217  205  193
  181  169  162  161  166  178  195  216  236  252  262  266  266  269  278  293
  314  337  361  384  408  431  454  476  494  510  525  539  554  569  584  598
  607  613  616  619  621  622  620  613  602  589  574  557  536  511  483  455
  429  408  391  378  369  362  356  346  331
    22.5-180.0 180.0   5.0 450.0                            LAT/LON1/LON2/DLON/H
  345  328  309  292  277  267  262  260  261  260  255  245  233  221  210  198
  185  173  164  161  164  175  191  209  228  242  252  257  261  269  283  303
  328  354  380  404  427  449  469  486  502  515  529  543  558  575  592  608
  620  631  639  646  653  656  655  650  640  627  614  597  575  546  512  477
  444  417  396  382  373  368  364  357  345
    20.0-180.0 180.0   5.0 450.0                            LAT/LON1/LON2/DLON/H
  346  333  319  305  295  286  281  277  275  271  263  252  238  226  214  203
  191  178  168  163  164  172  186  203  221  234  244  252  261  275  295  319
  347  375  402  427  450  469  485  499  510  520  531  543  558  574  591  608
  622  635  646  656  664  668  666  659  650  640  630  617  597  569  533  493
  456  423  398  380  369  363  360  355  346
    17.5-180.0 180.0   5.0 450.0                            LAT/LON1/LON2/DLON/H
  333  325  317  309  304  298  293  288  284  278  269  256  242  229  219  208
  196  184  173  165  164  169  181  198  215  229  241  252  267  287  312  340
  369  398  426  451  473  491  504  513  520  527  535  544  556  570  586  602
  616  629  641  651  658  658  653  644  635  628  623  617  604  580  545  504
  463  427  397  374  358  349  344  339  333
    15.0-180.0 180.0   5.0 450.0                            LAT/LON1/LON2/DLON/H
  312  308  305  304  302  300  295  290  284  277  267  255  242  230  221  212
  201  189  177  167  162  164  174  191  210  227  242  258  277  303  332  362
  392  420  448  473  495  511  522  529  534  538  542  548  557  568  581  594
  607  618  628  636  639  635  626  614  605  601  602  604  598  581  551  511
  469  429  395  367  346  332  323  317  312
    12.5-180.0 180.0   5.0 450.0                            LAT/LON1/LON2/DLON/H
  292  289  289  292  293  292  287  281  274  266  258  247  236  227  220  213
  204  193  180  167  158  157  166  183  205  226  246  266  290  319  351  382
  411  438  464  489  510  527  538  545  549  552  554  558  563  570  579  590
  599  608  615  618  617  609  596  582  574  573  579  586  588  577  552  515
  473  431  394  362  337  318  305  297  292
    10.0-180.0 180.0   5.0 450.0                            LAT/LON1/LON2/DLON/H
  280  277  277  280  281  279  273  264  255  248  241  233  225  219  214  209
  202  193  179  164  152  147  155  174  200  227  251  275  302  333  365  396
  423  449  473  497  518  535  548  556  562  567  569  571  573  577  583  591
  597  602  606  606  601  590  575  562  554  555  563  573  579  573  553  518
  476  434  395  362  335  313  296  286  280
     7.5-180.0 180.0   5.0 450.0                            LAT/LON1/LON2/DLON/H
  281  277  275  274  273  267  258  245  234  226  219  214  209  205  203  200
  196  188  176  160  145  137  144  165  195  226  255  282  311  341  373  403
  429  452  474  496  516  534  549  561  571  578  583  585  585  588  592  597
  601  604  605  603  596  585  572  560  553  554  561  570  576  571  552  519
  478  436  399  367  340  318  301  289  281
     5.0-180.0 180.0   5.0 450.0                            LAT/LON1/LON2/DLON/H
  297  290  284  279  272  262  248  231  216  205  198  194  191  189  188  187
  185  180  169  153  138  129  134  156  189  224  256  285  313  342  372  401
  427  449  469  487  506  523  540  556  571  583  590  594  594  596  600  604
  608  610  611  609  604  596  586  577  572  571  572  575  576  568  549  516
  476  435  401  373  351  332  318  306  297
     2.5-180.0 180.0   5.0 450.0                            LAT/LON1/LON2/DLON/H
  323  314  304  293  282  267  247  226  206  192  182  177  174  172  172  172
  171  168  160  147  132  123  127  148  182  219  253  281  308  335  364  393
  419  440  457  473  488  503  521  540  559  576  587  592  595  597  602  608
  614  617  619  620  619  615  610  605  601  595  589  582  574  561  538  505
  466  428  398  377  361  349  340  331  323
