GPS-project/c1pg1710.23i
     1.0            IONOSPHERE MAPS     GNSS                IONEX VERSION / TYPE
IONINX V5.5         AIUB                20-JUN-23 08:42     PGM / RUN BY / DATE 
CODE'S 1-DAY PREDICTED IONOSPHERE MAPS FOR DAY 171, 2023    COMMENT             
Global ionosphere maps (GIM) are generated on a daily basis DESCRIPTION         
at CODE using data from about 120 GNSS sites of the IGS and DESCRIPTION         
other institutions. The vertical total electron content     DESCRIPTION         
(VTEC) is modeled in a solar-geomagnetic reference frame    DESCRIPTION         
using a spherical harmonics expansion up to degree and      DESCRIPTION         
order 15. Piece-wise linear functions are used for          DESCRIPTION         
representation in the time domain. The time spacing of      DESCRIPTION         
their vertices is 1 hour, conforming with the epochs of the DESCRIPTION         
VTEC maps.                                                  DESCRIPTION         
To convert line-of-sight TEC into vertical TEC, a modified  DESCRIPTION         
single-layer model mapping function approximating the JPL   DESCRIPTION         
extended slab model mapping function is adopted. The        DESCRIPTION         
mapping function is evaluated at geodetic satellite         DESCRIPTION         
elevation angles. For the computation of the ionospheric    DESCRIPTION         
pierce points, a spherical layer with a radius of 6821 km   DESCRIPTION         
is assumed, implying geocentric, not geodetic IONEX         DESCRIPTION         
latitudes.                                                  DESCRIPTION         
Instrumental biases with respect to each involved GNSS code DESCRIPTION         
observable are estimated as constant values for each        DESCRIPTION         
day. They are modeled with one set of bias parameters for   DESCRIPTION         
each satellite and each station in case of GPS and for each DESCRIPTION         
satellite-station link in case of GLONASS. The code bias    DESCRIPTION         
datum is defined by zero-mean conditions imposed on the     DESCRIPTION         
satellite bias estimates. In this file, just GPS C1W-C2W    DESCRIPTION         
satellite and station bias values are included. The         DESCRIPTION         
complete set of GNSS code bias results is provided in an    DESCRIPTION         
additional Bias-SINEX file as pseudo-absolute values        DESCRIPTION         
specific to each observable.                                DESCRIPTION         
Contact address: code(at)aiub.unibe.ch                      DESCRIPTION         
Data archive:    ftp.aiub.unibe.ch/CODE/                    DESCRIPTION         
                 www.aiub.unibe.ch/download/CODE/           DESCRIPTION         
  2023     6    20     0     0     0                        EPOCH OF FIRST MAP  
  2023     6    21     0     0     0                        EPOCH OF LAST MAP   
  3600                                                      INTERVAL            
    25                                                      # OF MAPS IN FILE   
  NONE                                                      MAPPING FUNCTION    
    10.0                                                    ELEVATION CUTOFF    
One-way carrier phase leveled to code                       OBSERVABLES USED    
  6371.0                                                    BASE RADIUS         
     2                                                      MAP DIMENSION       
   450.0 450.0   0.0                                        HGT1 / HGT2 / DHGT  
    87.5 -87.5  -2.5                                        LAT1 / LAT2 / DLAT  
  -180.0 180.0   5.0                                        LON1 / LON2 / DLON  
    -1                                                      EXPONENT            
TEC/RMS values in 0.1 TECU; 9999, if no value available     COMMENT             
                                                            END OF HEADER       
[from data line 9009]
    22                                                      START OF TEC MAP    
  2023     6    20    21     0     0                        EPOCH OF CURRENT MAP
    87.5-180.0 180.0   5.0 450.0                            LAT/LON1/LON2/DLON/H
  165  166  166  167  168  168  169  170  171  171  172  173  174  175  175  176
  176  177  177  177  178  178  178  177  177  177  176  176  176  175  174  174
  173  173  172  171  171  170  170  169  169  168  168  167  167  167  167  166
  166  166  166  166  166  166  165  165  165  165  165  165  165  165  164  164
  164  164  164  164  164  164  165  165  165
    85.0-180.0 180.0   5.0 450.0                            LAT/LON1/LON2/DLON/H
  162  162  163  164  165  167  169  171  173  175  177  179  182  183  185  187
  188  189  190  190  190  190  190  189  189  188  187  186  184  183  181  180
  178  177  176  174  173  172  171  170  169  169  168  168  168  168  168  168
  168  168  169  169  169  169  169  169  169  168  168  168  167  167  166  165
  164  164  163  162  162  161  161  161  162
    82.5-180.0 180.0   5.0 450.0                            LAT/LON1/LON2/DLON/H
  158  158  159  160  162  164  167  171  175  179  183  186  190  193  196  199
  201  202  203  203  203  203  202  201  200  198  197  195  193  191  188  186
  184  182  180  178  176  175  173  172  172  171  171  171  171  172  172  173
  174  174  175  176  176  177  177  177  177  177  177  176  175  174  173  171
  169  168  166  164  162  160  159  158  158
    80.0-180.0 180.0   5.0 450.0                            LAT/LON1/LON2/DLON/H
  156  155  155  156  158  161  165  170  176  182  188  193  199  203  207  210
  212  213  213  213  213  212  211  210  208  206  204  202  200  197  195  192
  189  187  184  182  180  178  177  176  175  175  175  176  176  178  179  180
  181  183  184  185  186  186  187  187  187  187  187  186  186  184  183  181
  178  176  173  169  166  163  160  157  156
    77.5-180.0 180.0   5.0 450.0                            LAT/LON1/LON2/DLON/H
  157  155  153  153  155  159  164  171  178  186  193  200  207  212  216  218
  220  220  220  219  218  216  215  213  212  210  208  206  204  201  199  196
  194  191  188  186  184  182  180  180  179  179  180  181  182  184  186  187
  189  190  191  192  193  194  194  195  195  196  196  196  196  195  194  192
  190  187  184  180  175  170  166  161  157
    75.0-180.0 180.0   5.0 450.0                            LAT/LON1/LON2/DLON/H
  165  160  156  155  156  159  165  172  181  191  200  208  215  220  223  224
  224  223  221  219  218  216  214  213  211  210  208  206  205  203  201  198
  196  194  191  189  187  185  184  183  183  183  184  186  187  189  191  192
  194  195  195  196  196  196  197  198  198  199  200  201  202  203  203  203
  202  200  197  193  189  183  177  170  165
    72.5-180.0 180.0   5.0 450.0                            LAT/LON1/LON2/DLON/H
  178  171  165  162  161  164  169  177  187  197  207  216  222  227  228  228
  226  223  220  217  214  212  210  209  208  207  205  204  203  201  200  198
  196  194  192  190  188  186  185  185  185  186  187  189  190  192  193  194
  195  195  194  194  193  193  193  194  195  197  199  201  204  206  208  210
  211  212  211  209  205  200  193  186  178
    70.0-180.0 180.0   5.0 450.0                            LAT/LON1/LON2/DLON/H
  197  188  180  174  171  172  177  184  194  205  215  224  230  233  234  231
  227  222  217  213  210  208  206  205  204  203  201  200  199  197  196  195
  194  193  191  190  188  186  185  185  185  186  188  190  191  192  193  192
  191  190  188  186  185  184  184  184  186  189  192  196  200  204  208  213
  217  220  222  223  222  218  213  205  197
    67.5-180.0 180.0   5.0 450.0                            LAT/LON1/LON2/DLON/H
  217  208  199  191  186  185  188  194  203  213  224  232  238  240  238  234
  228  222  216  211  208  207  205  204  203  201  198  196  194  193  192  192
  191  191  190  188  187  186  185  185  185  187  188  189  190  191  190  188
  185  182  179  175  173  171  171  172  174  177  182  186  192  198  204  210
  217  223  229  233  235  235  232  226  217
    65.0-180.0 180.0   5.0 450.0                            LAT/LON1/LON2/DLON/H
  237  228  219  210  203  200  201  205  213  222  231  239  244  245  243  237
  230  223  217  213  210  209  208  207  204  201  197  194  191  190  189  190
  190  190  189  188  187  186  185  185  186  187  189  190  190  188  186  182
  178  173  168  163  160  158  157  159  162  166  171  177  183  189  196  203
  211  220  229  237  243  247  247  244  237
    62.5-180.0 180.0   5.0 450.0                            LAT/LON1/LON2/DLON/H
  253  246  238  229  221  216  215  217  222  229  236  243  247  248  246  241
  234  227  221  218  216  215  215  213  210  205  200  195  192  190  191  192
  193  193  193  191  190  189  188  189  189  191  192  192  190  187  183  177
  171  165  159  153  149  147  147  149  153  158  163  169  175  181  187  195
  203  213  224  235  244  252  256  256  253
    60.0-180.0 180.0   5.0 450.0                            LAT/LON1/LON2/DLON/H
  261  258  253  246  239  233  230  229  231  234  240  245  248  250  248  244
  238  232  227  224  224  224  224  222  217  211  205  200  197  197  198  200
  201  201  201  199  197  196  195  195  196  197  197  196  193  188  182  175
  167  160  153  147  143  141  141  143  148  154  160  166  171  176  181  188
  195  204  215  227  239  249  257  261  261
    57.5-180.0 180.0   5.0 450.0                            LAT/LON1/LON2/DLON/H
  264  265  263  259  254  249  245  241  240  240  242  245  248  250  249  247
  242  237  233  231  231  232  233  231  226  220  214  210  208  209  212  214
  216  216  214  212  209  207  206  205  205  205  205  202  198  191  183  175
  166  159  152  146  141  139  139  143  148  155  161  167  172  176  180  185
  191  198  208  219  231  243  252  260  264
    55.0-180.0 180.0   5.0 450.0                            LAT/LON1/LON2/DLON/H
  262  267  270  270  268  265  261  255  250  247  245  245  247  249  250  249
  245  241  238  236  237  239  240  238  234  229  224  222  224  227  232  235
  236  234  231  228  224  221  219  217  216  215  213  209  203  195  186  177
  169  161  155  149  144  142  142  146  151  159  166  173  178  182  185  189
  193  198  206  215  225  235  246  255  262
    52.5-180.0 180.0   5.0 450.0                            LAT/LON1/LON2/DLON/H
  259  267  273  278  281  281  278  272  264  257  251  248  248  249  251  251
  249  245  242  240  241  243  244  244  241  238  236  238  242  249  255  258
  258  254  250  245  240  236  233  229  226  224  220  215  208  200  190  182
  174  167  161  156  151  148  148  151  156  164  172  180  187  192  196  200
  204  207  212  217  224  232  241  250  259
    50.0-180.0 180.0   5.0 450.0                            LAT/LON1/LON2/DLON/H
  258  267  277  286  293  296  295  290  281  271  262  255  253  253  255  255
  253  249  245  243  244  246  248  249  248  247  249  254  262  271  278  280
  278  273  267  262  256  251  246  240  234  230  225  219  212  204  195  187
  181  175  170  165  159  155  154  156  162  170  179  188  197  205  213  218
  223  226  228  230  233  236  242  249  258
    47.5-180.0 180.0   5.0 450.0                            LAT/LON1/LON2/DLON/H
  262  271  282  294  303  310  313  310  302  290  279  269  264  262  262  261
  259  254  250  247  248  250  253  255  256  257  261  269  280  291  298  299
  295  289  282  276  270  264  257  249  240  233  228  222  216  209  201  195
  190  185  181  175  169  164  161  162  167  174  184  196  208  221  232  241
  248  251  252  251  250  250  251  255  262
    45.0-180.0 180.0   5.0 450.0                            LAT/LON1/LON2/DLON/H
  273  281  291  302  314  323  329  329  324  313  301  290  281  276  274  271
  268  263  258  255  256  259  262  265  267  269  275  285  297  307  313  313
  307  300  293  288  283  277  268  257  246  237  231  226  221  215  210  205
  201  198  193  187  180  173  169  168  172  179  189  203  218  236  252  266
  276  281  282  279  275  271  269  269  273
    42.5-180.0 180.0   5.0 450.0                            LAT/LON1/LON2/DLON/H
  290  295  303  313  324  335  343  347  346  338  327  315  305  297  291  286
  281  275  271  269  270  273  277  280  281  284  290  300  311  320  324  322
  315  307  301  298  295  289  279  266  253  243  237  233  229  226  222  218
  215  212  207  200  192  184  178  176  178  184  194  209  228  249  271  290
  303  310  311  308  303  296  291  289  290
    40.0-180.0 180.0   5.0 450.0                            LAT/LON1/LON2/DLON/H
  311  314  319  326  335  345  355  363  366  363  355  344  332  322  312  304
  297  292  288  288  290  293  297  300  301  303  308  315  324  331  332  328
  320  313  310  309  308  304  294  280  266  255  249  245  244  241  239  236
  233  228  222  214  205  196  189  185  185  189  199  215  236  261  287  309
  325  334  336  333  328  321  316  312  311
    37.5-180.0 180.0   5.0 450.0                            LAT/LON1/LON2/DLON/H
  334  335  338  343  348  356  366  377  384  387  384  375  363  350  338  327
  318  313  310  311  315  319  323  324  325  325  328  333  339  342  341  334
  326  321  319  321  322  319  311  297  284  273  267  265  263  261  259  256
  251  245  238  228  218  209  201  196  194  196  205  220  242  269  297  322
  339  349  352  351  347  342  337  334  334
    35.0-180.0 180.0   5.0 450.0                            LAT/LON1/LON2/DLON/H
  354  357  360  362  365  370  379  391  402  410  411  406  396  382  367  353
  343  337  336  338  343  347  350  351  351  351  352  355  357  357  352  344
  336  331  331  334  336  335  328  317  306  297  291  288  286  283  280  275
  269  261  251  240  230  221  213  207  203  203  210  224  246  274  302  327
  344  354  358  358  356  354  352  353  354
    32.5-180.0 180.0   5.0 450.0                            LAT/LON1/LON2/DLON/H
  372  378  383  385  385  388  395  407  421  433  439  438  430  416  399  383
  371  365  364  367  371  375  378  378  378  378  379  380  379  375  367  357
  348  343  343  345  347  346  342  335  327  320  315  310  306  301  296  290
  281  271  259  247  237  229  221  215  210  208  213  225  246  273  301  325
  341  351  355  356  357  358  360  365  372
    30.0-180.0 180.0   5.0 450.0                            LAT/LON1/LON2/DLON/H
  384  396  405  409  410  412  418  429  443  458  468  471  466  453  436  418
  404  395  393  395  398  401  403  404  405  406  408  408  405  397  385  373
  363  356  352  350  349  349  347  345  342  337  331  325  317  310  303  295
  285  272  259  247  238  230  224  217  211  209  211  222  241  266  293  315
  331  340  345  348  351  355  362  372  384
    27.5-180.0 180.0   5.0 450.0                            LAT/LON1/LON2/DLON/H
  392  411  426  435  438  440  445  456  470  485  498  504  503  493  476  458
  441  430  425  424  425  425  426  427  429  433  436  437  432  420  405  389
  375  364  355  347  341  338  339  341  343  341  335  326  315  305  297  288
  276  263  249  237  229  223  218  212  206  203  205  214  230  253  278  301
  317  327  332  336  341  348  359  373  392
    25.0-180.0 180.0   5.0 450.0                            LAT/LON1/LON2/DLON/H
  396  421  443  457  465  470  476  486  500  516  529  539  540  534  520  501
  483  469  460  455  451  448  447  448  451  457  462  463  456  441  421  400
  382  366  349  333  320  313  315  322  328  329  322  310  296  285  276  267
  256  242  228  218  211  207  204  199  194  191  192  199  213  234  258  282
  300  312  320  326  333  341  354  373  396
    22.5-180.0 180.0   5.0 450.0                            LAT/LON1/LON2/DLON/H
  398  428  454  475  489  497  506  517  530  546  560  571  577  575  565  548
  529  512  498  488  480  473  468  468  472  478  484  485  475  456  431  405
  381  359  335  310  289  278  279  288  298  300  293  279  263  251  242  235
  226  213  200  191  187  185  183  180  176  175  175  180  191  210  234  260
  282  299  311  320  328  338  352  372  398
    20.0-180.0 180.0   5.0 450.0                            LAT/LON1/LON2/DLON/H
  401  431  461  486  504  518  529  542  557  572  587  600  609  612  607  594
  576  557  540  525  511  500  492  488  490  495  500  499  486  463  432  401
  372  345  315  283  255  239  237  247  258  261  253  238  222  210  204  199
  191  181  170  162  159  159  158  157  156  156  156  159  167  183  208  237
  266  289  306  318  328  339  353  374  401
    17.5-180.0 180.0   5.0 450.0                            LAT/LON1/LON2/DLON/H
  404  433  463  489  511  528  543  559  575  591  606  620  632  640  641  634
  620  601  581  563  545  529  517  509  507  508  509  505  489  461  426  390
  359  328  295  259  226  205  200  208  218  220  212  197  182  172  167  165
  160  151  142  136  134  134  135  135  136  137  137  138  143  157  182  216
  250  280  303  320  333  345  360  379  404
    15.0-180.0 180.0   5.0 450.0                            LAT/LON1/LON2/DLON/H
  411  436  462  487  510  529  546  564  582  600  616  631  645  657  665  664
  655  638  619  599  578  559  542  529  521  516  512  503  484  453  414  377
  344  315  282  245  211  186  177  181  188  188  180  166  152  144  141  140
  137  130  122  117  116  116  117  118  121  123  122  120  121  133  159  196
  236  273  302  324  341  356  371  389  411
    12.5-180.0 180.0   5.0 450.0                            LAT/LON1/LON2/DLON/H
  423  442  463  484  504  523  541  560  580  598  615  630  645  661  674  680
  676  665  648  628  606  584  564  546  531  520  510  497  475  442  403  366
  335  309  281  248  215  189  176  174  176  174  165  151  140  133  131  130
  127  121  114  110  108  107  107  108  112  114  111  106  104  114  140  179
  223  265  301  328  350  368  386  404  423
    10.0-180.0 180.0   5.0 450.0                            LAT/LON1/LON2/DLON/H
  439  453  468  485  501  517  533  550  571  590  607  621  635  652  668  680
  682  676  662  645  624  601  579  557  537  521  505  489  465  433  396  362
  335  314  294  268  239  213  197  189  185  179  169  157  147  140  138  135
  131  124  118  113  110  107  105  105  108  109  105   97   93  101  126  166
  212  258  297  330  357  381  403  422  439
     7.5-180.0 180.0   5.0 450.0                            LAT/LON1/LON2/DLON/H
  458  470  481  493  505  516  528  543  561  580  595  607  618  633  650  665
  672  670  661  646  628  606  583  560  539  519  500  482  459  430  396  365
  343  329  317  300  277  253  234  221  211  201  190  179  169  162  157  152
  145  137  131  125  120  115  110  107  107  106  101   92   86   93  117  156
  202  249  292  329  361  392  419  442  458
     5.0-180.0 180.0   5.0 450.0                            LAT/LON1/LON2/DLON/H
  480  491  501  510  519  526  532  542  557  573  586  594  601  611  626  640
  648  649  644  633  617  598  577  556  535  515  497  478  457  431  401  374
  356  348  343  334  318  297  277  259  244  231  219  209  199  190  182  172
  163  154  147  141  134  125  116  110  107  103   96   87   82   89  112  149
  194  240  284  324  363  399  433  461  480
     2.5-180.0 180.0   5.0 450.0                            LAT/LON1/LON2/DLON/H
  499  514  524  535  543  547  548  552  561  574  584  587  588  593  602  612
  618  619  615  607  594  579  562  546  529  512  495  478  459  435  408  384
  369  363  362  359  349  332  311  291  273  258  246  235  225  215  202  190
  178  168  161  154  144  132  120  110  103   97   89   81   79   88  110  144
  186  230  275  318  360  402  443  476  499
